

TREE # 1

  0  0.0000   2036.945008  x:  0.02268   0.01665   0.04514   0.02289   0.03184   0.02126   0.08765   0.04171   0.08610   0.09959   0.03783   0.01963   0.05690   0.01501   0.08534   0.05545   0.02685   0.07154   0.01869   0.03282   0.10356   0.09884   0.07062   0.01910   0.08536   0.04247   0.03961   0.03430   0.09598   0.08306   0.09215   0.05123   0.08060   0.08270   0.02546   0.06272   0.03013   0.03200   0.04532   0.02690   0.07629   0.04624   0.08877   0.07643   0.07434   0.03416   0.09630   0.05256   0.06586   0.03768   0.32508   0.46429  
  1 99.0000   1867.040747  x:  0.05034   0.04431   0.04787   0.00807   0.03675   0.00334   0.09586   0.02228   0.06806   0.08030   0.01923   0.00000   0.04011   0.00524   0.06672   0.03766   0.18193   0.05615   0.00119   0.01466   0.09729   0.08058   0.05273   0.01580   0.06788   0.02336   0.02456   0.02533   0.09015   0.06388   0.08531   0.06236   0.06404   0.07309   0.04777   0.04613   0.01624   0.05563   0.10948   0.01415   0.06494   0.03702   0.08768   0.08080   0.06398   0.01638   0.07950   0.04291   0.05637   0.10528   0.38149   0.41211  
  2 1449.0918   1861.648319  x:  0.05025   0.04422   0.04806   0.00732   0.03684   0.00226   0.09633   0.02109   0.06699   0.07912   0.01811   0.00000   0.03914   0.00580   0.06564   0.03647   0.18142   0.05513   0.00000   0.01371   0.09696   0.07949   0.05169   0.01585   0.06685   0.02219   0.02379   0.02456   0.08991   0.06271   0.08500   0.06267   0.06305   0.07258   0.04791   0.04505   0.01535   0.05586   0.11045   0.01334   0.06406   0.03651   0.08767   0.08125   0.06312   0.01556   0.07848   0.04221   0.05571   0.10570   0.38417   0.40867  
  3 1043.1090   1850.845411  x:  0.05009   0.04406   0.04857   0.00595   0.03710   0.00000   0.09725   0.01855   0.06474   0.07660   0.01573   0.00000   0.03716   0.00436   0.06336   0.03393   0.18026   0.05298   0.00000   0.01186   0.09630   0.07719   0.04952   0.01595   0.06470   0.01968   0.02236   0.02293   0.08952   0.06019   0.08447   0.06319   0.06097   0.07157   0.04814   0.04266   0.01339   0.05621   0.11223   0.01177   0.06208   0.03547   0.08771   0.08221   0.06119   0.01421   0.07633   0.04068   0.05429   0.10641   0.38941   0.40105  
  4 21131.1526   1793.192254  x:  0.05099   0.04496   0.05448   0.00362   0.04066   0.00000   0.10075   0.00368   0.05260   0.06180   0.00225   0.00000   0.02844   0.00405   0.05126   0.01903   0.17818   0.04170   0.00000   0.00656   0.09346   0.06455   0.03856   0.01600   0.05341   0.00478   0.01929   0.01426   0.09022   0.04539   0.08456   0.06349   0.04998   0.06780   0.04860   0.02630   0.00000   0.05621   0.11805   0.00639   0.04856   0.03117   0.08906   0.08783   0.04774   0.01651   0.06446   0.03102   0.04585   0.10836   0.40873   0.34943  
  5 8382.7531   1785.603278  x:  0.05154   0.04551   0.05594   0.00388   0.04128   0.00000   0.10120   0.00137   0.05052   0.05952   0.00000   0.00000   0.02675   0.00405   0.04923   0.01674   0.17802   0.03957   0.00000   0.00452   0.09286   0.06238   0.03642   0.01540   0.05134   0.00243   0.01910   0.01257   0.09026   0.04314   0.08445   0.06296   0.04798   0.06706   0.04844   0.02459   0.00000   0.05568   0.11816   0.00696   0.04685   0.03036   0.08936   0.08874   0.04604   0.01812   0.06268   0.03015   0.04506   0.10850   0.41199   0.34387  
  6 6219.0703   1782.661343  x:  0.05173   0.04570   0.05647   0.00397   0.04148   0.00000   0.10136   0.00000   0.04933   0.05819   0.00000   0.00000   0.02666   0.00404   0.04852   0.01537   0.17814   0.03835   0.00000   0.00524   0.09227   0.06115   0.03537   0.01680   0.05010   0.00103   0.01921   0.01170   0.09011   0.04184   0.08421   0.06270   0.04679   0.06673   0.04842   0.02464   0.00000   0.05556   0.11794   0.00735   0.04601   0.03028   0.08951   0.08904   0.04520   0.01842   0.06184   0.02976   0.04474   0.10838   0.41339   0.34230  
  7 1768.6170   1781.016033  x:  0.05174   0.04571   0.05666   0.00396   0.04158   0.00000   0.10144   0.00000   0.04848   0.05721   0.00000   0.00000   0.02683   0.00403   0.04805   0.01436   0.17822   0.03761   0.00000   0.00608   0.09194   0.06025   0.03467   0.01647   0.04935   0.00000   0.01927   0.01122   0.08999   0.04089   0.08404   0.06263   0.04601   0.06660   0.04845   0.02497   0.00000   0.05559   0.11784   0.00752   0.04540   0.03035   0.08960   0.08917   0.04457   0.01833   0.06135   0.02941   0.04447   0.10824   0.41403   0.34153  
  8 2542.9910   1764.413024  x:  0.05093   0.04490   0.05751   0.00396   0.04323   0.00000   0.10210   0.00000   0.03880   0.04314   0.00000   0.00000   0.02441   0.00402   0.03929   0.00000   0.17925   0.03205   0.00000   0.00770   0.09293   0.04815   0.02768   0.01717   0.04357   0.00000   0.01859   0.00889   0.08934   0.02784   0.08311   0.06353   0.03843   0.06710   0.04880   0.03392   0.00000   0.05632   0.11912   0.00900   0.03543   0.03145   0.08997   0.09013   0.03461   0.01582   0.05736   0.02296   0.03960   0.10677   0.41382   0.33457  
  9 1867.2201   1732.808873  x:  0.04987   0.04384   0.06046   0.00396   0.04722   0.00000   0.10361   0.00000   0.01858   0.01297   0.00000   0.00000   0.01948   0.00399   0.02039   0.00000   0.18069   0.02130   0.00000   0.01221   0.09504   0.02260   0.01324   0.01856   0.03260   0.00000   0.01724   0.00417   0.08788   0.00000   0.08106   0.06499   0.02338   0.06776   0.04933   0.05357   0.00000   0.05736   0.12245   0.01209   0.01314   0.03235   0.09065   0.09306   0.01248   0.01117   0.04941   0.00864   0.02853   0.10472   0.41473   0.32030  
 10 121150.9559   1720.958101  x:  0.04962   0.04358   0.06221   0.00380   0.04934   0.00000   0.10424   0.00000   0.01092   0.00000   0.00000   0.00000   0.01580   0.00399   0.01250   0.00000   0.18108   0.01614   0.00000   0.01484   0.09617   0.01236   0.00845   0.01895   0.02660   0.00000   0.01665   0.00233   0.08733   0.00000   0.08025   0.06548   0.01619   0.06811   0.04944   0.06216   0.00000   0.05754   0.12434   0.01342   0.00382   0.03236   0.09089   0.09484   0.00328   0.00886   0.04605   0.00297   0.02378   0.10408   0.41468   0.31424  
 11 32763.9722   1714.888676  x:  0.04952   0.04349   0.06276   0.00387   0.04926   0.00000   0.10503   0.00000   0.00557   0.00000   0.00000   0.00000   0.01226   0.00397   0.00627   0.00000   0.18057   0.01617   0.00000   0.01798   0.09677   0.00520   0.00397   0.01915   0.02011   0.00000   0.01562   0.00105   0.08672   0.00000   0.07911   0.06608   0.01747   0.06847   0.04951   0.06919   0.00000   0.05760   0.12661   0.01520   0.00036   0.03172   0.09061   0.09646   0.00000   0.00815   0.04345   0.00183   0.02416   0.10453   0.41439   0.30820  
 12 1043.2834   1713.983653  x:  0.04958   0.04355   0.06294   0.00374   0.04934   0.00000   0.10516   0.00000   0.00474   0.00000   0.00000   0.00000   0.01191   0.00397   0.00519   0.00000   0.18042   0.01600   0.00000   0.01844   0.09693   0.00405   0.00330   0.01921   0.01964   0.00000   0.01556   0.00091   0.08665   0.00000   0.07896   0.06611   0.01735   0.06853   0.04949   0.07043   0.00000   0.05753   0.12703   0.01544   0.00000   0.03152   0.09055   0.09680   0.00000   0.00797   0.04311   0.00201   0.02433   0.10469   0.41428   0.30706  
 13 2493.7778   1712.493861  x:  0.04992   0.04389   0.06329   0.00336   0.04970   0.00000   0.10558   0.00000   0.00351   0.00000   0.00000   0.00000   0.01172   0.00396   0.00254   0.00000   0.18015   0.01518   0.00000   0.01903   0.09699   0.00284   0.00228   0.01929   0.01907   0.00000   0.01609   0.00000   0.08643   0.00000   0.07834   0.06605   0.01785   0.06881   0.04918   0.07191   0.00000   0.05701   0.12797   0.01623   0.00000   0.03092   0.09035   0.09743   0.00000   0.00681   0.04116   0.00152   0.02458   0.10489   0.41361   0.30542  
 14 935.7566   1711.408106  x:  0.04987   0.04384   0.06326   0.00275   0.04984   0.00000   0.10608   0.00000   0.00280   0.00000   0.00000   0.00000   0.01123   0.00395   0.00000   0.00000   0.17991   0.01508   0.00000   0.01991   0.09688   0.00250   0.00177   0.01933   0.01918   0.00000   0.01571   0.00000   0.08610   0.00000   0.07767   0.06627   0.01754   0.06904   0.04922   0.07263   0.00000   0.05711   0.12878   0.01709   0.00000   0.03073   0.09012   0.09768   0.00000   0.00715   0.03940   0.00054   0.02443   0.10506   0.41323   0.30446  
 15 677.8205   1711.144763  x:  0.04986   0.04383   0.06344   0.00299   0.04994   0.00000   0.10617   0.00000   0.00266   0.00000   0.00000   0.00000   0.01125   0.00394   0.00000   0.00000   0.17983   0.01526   0.00000   0.02003   0.09687   0.00250   0.00171   0.01934   0.01909   0.00000   0.01566   0.00000   0.08603   0.00000   0.07754   0.06629   0.01737   0.06905   0.04928   0.07282   0.00000   0.05717   0.12888   0.01704   0.00000   0.03075   0.09007   0.09771   0.00000   0.00712   0.03896   0.00000   0.02421   0.10516   0.41327   0.30418  
 16 299.4729   1706.524718  x:  0.04962   0.04359   0.06619   0.00501   0.05203   0.00000   0.10720   0.00000   0.00000   0.00000   0.00000   0.00000   0.01101   0.00385   0.00000   0.00000   0.17894   0.01524   0.00000   0.02214   0.09637   0.00301   0.00095   0.01942   0.01732   0.00000   0.01573   0.00000   0.08460   0.00000   0.07558   0.06675   0.01752   0.06903   0.05006   0.07726   0.00000   0.05804   0.13006   0.01385   0.00000   0.03140   0.08937   0.09784   0.00000   0.00880   0.03158   0.00000   0.01500   0.10648   0.41528   0.29819  
 17 830.2969   1702.413369  x:  0.04964   0.04361   0.06562   0.00884   0.05108   0.00000   0.10763   0.00000   0.00000   0.00000   0.00000   0.00000   0.00932   0.00379   0.00000   0.00000   0.17903   0.01329   0.00000   0.02431   0.09515   0.00294   0.00000   0.01938   0.01770   0.00000   0.01502   0.00000   0.08361   0.00000   0.07433   0.06680   0.01714   0.06866   0.04961   0.08209   0.00000   0.05764   0.13121   0.00845   0.00000   0.03030   0.08961   0.09854   0.00000   0.01077   0.02531   0.00000   0.01250   0.10610   0.41841   0.29210  
 18 482.5043   1696.194219  x:  0.05009   0.04406   0.06460   0.01010   0.05019   0.00000   0.10844   0.00000   0.00000   0.00000   0.00000   0.00000   0.01044   0.00366   0.00000   0.00000   0.17914   0.01251   0.00000   0.02569   0.09318   0.00259   0.00000   0.01937   0.01543   0.00000   0.01430   0.00000   0.08243   0.00000   0.07263   0.06656   0.01526   0.06810   0.04902   0.08998   0.00000   0.05677   0.13298   0.00000   0.00000   0.02806   0.09031   0.10011   0.00000   0.01481   0.01628   0.00000   0.01057   0.10525   0.42295   0.28246  
 19 1876.3847   1681.910255  x:  0.05089   0.04486   0.06611   0.00760   0.05170   0.00000   0.11132   0.00000   0.00000   0.00000   0.00000   0.00000   0.00495   0.00347   0.00000   0.00000   0.18061   0.01468   0.00000   0.02917   0.08447   0.00000   0.00000   0.01897   0.01550   0.00000   0.01687   0.00000   0.07948   0.00000   0.06776   0.06555   0.01255   0.06611   0.05082   0.10713   0.00000   0.05786   0.13102   0.00000   0.00000   0.02828   0.09297   0.10134   0.00000   0.01436   0.00591   0.00000   0.00966   0.10224   0.43728   0.25455  
 20 665.9716   1656.032547  x:  0.05097   0.04494   0.06786   0.00920   0.05316   0.00000   0.12036   0.00000   0.00000   0.00000   0.00000   0.00000   0.00460   0.00290   0.00000   0.00000   0.18144   0.00908   0.00000   0.03473   0.06822   0.00000   0.00000   0.01843   0.01170   0.00000   0.01279   0.00000   0.07126   0.00000   0.05392   0.06685   0.00901   0.06353   0.05311   0.13966   0.00000   0.06012   0.13451   0.00000   0.00000   0.02702   0.09584   0.10438   0.00000   0.01254   0.00000   0.00000   0.00722   0.09812   0.46591   0.19441  
 21 2605.7760   1656.032547  x:  0.05097   0.04494   0.06786   0.00920   0.05316   0.00000   0.12036   0.00000   0.00000   0.00000   0.00000   0.00000   0.00460   0.00290   0.00000   0.00000   0.18144   0.00908   0.00000   0.03473   0.06822   0.00000   0.00000   0.01843   0.01170   0.00000   0.01279   0.00000   0.07126   0.00000   0.05392   0.06685   0.00901   0.06353   0.05311   0.13966   0.00000   0.06012   0.13451   0.00000   0.00000   0.02702   0.09584   0.10438   0.00000   0.01254   0.00000   0.00000   0.00722   0.09812   0.46591   0.19441  
 22 5513.0359   1649.510067  x:  0.05097   0.04494   0.06786   0.00919   0.05316   0.00000   0.12036   0.00000   0.00000   0.00000   0.00000   0.00000   0.00461   0.00291   0.00000   0.00000   0.18144   0.00908   0.00000   0.03473   0.06822   0.00000   0.00000   0.01844   0.01171   0.00000   0.01279   0.00000   0.07126   0.00000   0.05392   0.06685   0.00901   0.06353   0.05311   0.13966   0.00000   0.06012   0.13451   0.00008   0.00000   0.02702   0.09584   0.10438   0.00000   0.01254   0.00831   0.00000   0.00722   0.09812   0.46592   0.19439  
 23 214681.0513   1649.201593  x:  0.05098   0.04495   0.06788   0.00916   0.05317   0.00000   0.12038   0.00000   0.00000   0.00000   0.00000   0.00000   0.00467   0.00306   0.00000   0.00000   0.18148   0.00907   0.00000   0.03466   0.06823   0.00000   0.00000   0.01846   0.01174   0.00000   0.01276   0.00000   0.07127   0.00000   0.05394   0.06687   0.00900   0.06350   0.05312   0.13958   0.00000   0.06014   0.13459   0.00000   0.00000   0.02698   0.09584   0.10441   0.00000   0.01251   0.00831   0.00000   0.00719   0.09819   0.46606   0.19404  
 24 675.5818   1591.914193  x:  0.05325   0.04722   0.07103   0.00150   0.05463   0.00000   0.12439   0.00000   0.00000   0.00000   0.00000   0.00000   0.01209   0.00215   0.00000   0.00000   0.19023   0.00728   0.00000   0.02093   0.07030   0.00000   0.00000   0.02371   0.01767   0.00000   0.00646   0.00000   0.07280   0.00000   0.05775   0.07153   0.00701   0.05778   0.05645   0.12209   0.00000   0.06439   0.15139   0.00000   0.00000   0.02007   0.09563   0.10969   0.00000   0.00653   0.00845   0.00000   0.00000   0.11282   0.49676   0.11742  
 25 5413.6272   1591.914193  x:  0.05325   0.04722   0.07103   0.00150   0.05463   0.00000   0.12439   0.00000   0.00000   0.00000   0.00000   0.00000   0.01209   0.00215   0.00000   0.00000   0.19023   0.00728   0.00000   0.02093   0.07030   0.00000   0.00000   0.02371   0.01767   0.00000   0.00646   0.00000   0.07280   0.00000   0.05775   0.07153   0.00701   0.05778   0.05645   0.12209   0.00000   0.06439   0.15139   0.00000   0.00000   0.02007   0.09563   0.10969   0.00000   0.00653   0.00845   0.00000   0.00000   0.11282   0.49676   0.11742  
 26 128953.6397   1510.952212  x:  0.05584   0.04982   0.07470   0.10342   0.05620   0.00000   0.12937   0.00000   0.00000   0.00000   0.00000   0.00000   0.00588   0.06000   0.00000   0.00000   0.20077   0.01010   0.00000   0.00704   0.07290   0.00000   0.00000   0.02461   0.01603   0.00000   0.01256   0.00000   0.07487   0.00000   0.06155   0.07653   0.00912   0.05241   0.05989   0.10014   0.00000   0.06859   0.16915   0.00000   0.00000   0.01619   0.09596   0.11575   0.00000   0.01241   0.00786   0.00000   0.10658   0.12755   0.53106   0.00010  
 27 1088.8494   1492.612762  x:  0.06337   0.05734   0.08003   0.10582   0.06056   0.00000   0.14288   0.00000   0.00000   0.00000   0.00000   0.00000   0.01233   0.04668   0.00000   0.00000   0.22665   0.00434   0.00000   0.01083   0.08050   0.00000   0.00000   0.02687   0.01822   0.00000   0.00096   0.00000   0.08168   0.00000   0.07064   0.08848   0.00606   0.04576   0.06844   0.05164   0.00000   0.07798   0.20687   0.00000   0.00000   0.01797   0.09983   0.13050   0.00000   0.00149   0.01171   0.00000   0.11066   0.15810   0.59310   0.00010  
 28 257.9452   1476.204944  x:  0.07109   0.06506   0.08547   0.10684   0.06500   0.00000   0.15701   0.00000   0.00000   0.00000   0.00000   0.00000   0.01799   0.03160   0.00000   0.00000   0.25381   0.00081   0.00000   0.01407   0.08831   0.00000   0.00000   0.02906   0.02028   0.00000   0.00825   0.00000   0.08872   0.00000   0.07997   0.10083   0.00352   0.03901   0.07721   0.00000   0.00000   0.08763   0.24632   0.00000   0.00000   0.01967   0.10387   0.14588   0.00000   0.00178   0.01497   0.00000   0.11340   0.18994   0.65849   0.00010  
 29 5299.1800   1467.231844  x:  0.08323   0.07720   0.09398   0.10798   0.07189   0.00000   0.17950   0.00000   0.00000   0.00000   0.00000   0.00000   0.02603   0.00711   0.00000   0.00000   0.29728   0.01508   0.00000   0.01842   0.10058   0.00000   0.00000   0.03231   0.02323   0.00000   0.01407   0.00000   0.09980   0.00000   0.09463   0.12037   0.00101   0.02867   0.09100   0.00000   0.00000   0.10284   0.30932   0.00000   0.00000   0.02212   0.11024   0.17034   0.00000   0.00699   0.01943   0.00000   0.11731   0.24068   0.76358   0.00010  
 30 10372.9406   1464.255032  x:  0.08616   0.08013   0.09566   0.10548   0.07267   0.00000   0.18764   0.00000   0.00000   0.00000   0.00000   0.00000   0.02183   0.00206   0.00000   0.00000   0.31501   0.01527   0.00000   0.01335   0.10355   0.00000   0.00000   0.03132   0.02131   0.00000   0.01295   0.00000   0.10257   0.00000   0.09815   0.12641   0.02695   0.03183   0.09428   0.00000   0.00000   0.10679   0.33442   0.00000   0.00000   0.02041   0.11193   0.17888   0.00000   0.01169   0.01507   0.00000   0.11612   0.26003   0.81084   0.00010  
 31 746.5629   1460.144921  x:  0.08684   0.08081   0.09511   0.09323   0.07106   0.00000   0.19494   0.00000   0.00000   0.00000   0.00000   0.00000   0.01151   0.02622   0.00000   0.00000   0.33375   0.01552   0.00000   0.00380   0.10444   0.00000   0.00000   0.02804   0.01691   0.00000   0.01167   0.00000   0.10337   0.00000   0.09893   0.13004   0.03579   0.03703   0.09493   0.00000   0.00000   0.10822   0.36029   0.00000   0.00000   0.01680   0.11261   0.18610   0.00000   0.01568   0.00545   0.00000   0.10523   0.27884   0.86595   0.00010  
 32 569.9602   1458.614754  x:  0.08453   0.07850   0.09280   0.09083   0.06823   0.00000   0.19530   0.00000   0.00000   0.00000   0.00000   0.00000   0.00296   0.03045   0.00000   0.00000   0.33841   0.01552   0.00000   0.01220   0.10201   0.00000   0.00000   0.02575   0.01493   0.00000   0.01134   0.00000   0.10130   0.00000   0.09611   0.12825   0.03727   0.04043   0.09224   0.00000   0.00000   0.10580   0.36639   0.00000   0.00000   0.01507   0.11150   0.18599   0.00000   0.01671   0.00790   0.00000   0.10362   0.28214   0.88632   0.00010  
 33 285.2975   1452.078444  x:  0.06142   0.05540   0.07145   0.08359   0.04426   0.00000   0.18722   0.00000   0.00000   0.00000   0.00000   0.00000   0.01771   0.03225   0.00000   0.00000   0.35435   0.01571   0.00000   0.01522   0.07856   0.00000   0.00000   0.01326   0.01076   0.00000   0.01133   0.00000   0.08030   0.00000   0.06790   0.10505   0.03546   0.06048   0.06543   0.00000   0.00000   0.08034   0.38526   0.00000   0.00000   0.01110   0.09974   0.17335   0.00000   0.01829   0.01771   0.00000   0.10180   0.28463   1.00018   0.00010  
 34 267.2966   1448.506929  x:  0.04918   0.04315   0.05991   0.08072   0.03493   0.00000   0.18013   0.00000   0.00000   0.00000   0.00000   0.00000   0.00807   0.02517   0.00000   0.00000   0.36020   0.01534   0.00000   0.00797   0.06535   0.00000   0.00000   0.02456   0.01876   0.00000   0.01128   0.00000   0.06873   0.00000   0.05258   0.08979   0.02970   0.06694   0.05138   0.00000   0.00000   0.06594   0.39154   0.00000   0.00000   0.01813   0.09285   0.16317   0.00000   0.01656   0.01237   0.00000   0.10240   0.28137   1.06640   0.00010  
 35 476.8361   1447.029063  x:  0.04830   0.04227   0.05807   0.07988   0.03996   0.00000   0.17417   0.00000   0.00000   0.00000   0.00000   0.00000   0.00419   0.01966   0.00000   0.00000   0.35836   0.01496   0.00000   0.00585   0.06285   0.00000   0.00000   0.02150   0.01335   0.00000   0.01118   0.00000   0.06631   0.00000   0.05099   0.08237   0.02583   0.06607   0.05084   0.00000   0.00000   0.06267   0.38814   0.00000   0.00000   0.01344   0.09037   0.15540   0.00000   0.01535   0.00453   0.00000   0.10341   0.27374   1.09622   0.00010  
 36 169.8263   1443.622826  x:  0.05287   0.04684   0.05791   0.07260   0.06194   0.00000   0.15157   0.00000   0.00000   0.00000   0.00000   0.00000   0.00327   0.02054   0.00000   0.00000   0.34559   0.01434   0.00000   0.00195   0.06172   0.00000   0.00000   0.02584   0.01078   0.00000   0.01032   0.00000   0.06420   0.00000   0.05454   0.06068   0.02671   0.06058   0.05773   0.00000   0.00000   0.05917   0.36723   0.00000   0.00000   0.01204   0.08455   0.12701   0.00000   0.01648   0.01400   0.00000   0.10237   0.23974   1.19233   0.00010  
 37 264.4618   1441.944205  x:  0.05575   0.04972   0.05807   0.06804   0.07439   0.00000   0.13737   0.00000   0.00000   0.00000   0.00000   0.00000   0.00773   0.02334   0.00000   0.00000   0.33694   0.01422   0.00000   0.00703   0.06154   0.00000   0.00000   0.03006   0.01259   0.00000   0.00999   0.00000   0.06331   0.00000   0.05687   0.04849   0.02901   0.05702   0.06192   0.00000   0.00000   0.05769   0.35316   0.00000   0.00000   0.01358   0.08130   0.10956   0.00000   0.01738   0.01152   0.00000   0.10179   0.21768   1.25284   0.00010  
 38 1668.9286   1439.056177  x:  0.05798   0.05195   0.06083   0.06199   0.06814   0.00000   0.11938   0.00000   0.00000   0.00000   0.00000   0.00000   0.00485   0.02274   0.00000   0.00000   0.31630   0.01499   0.00000   0.00594   0.06598   0.00000   0.00000   0.01545   0.02458   0.00000   0.01124   0.00000   0.06680   0.00000   0.06034   0.06133   0.02915   0.05362   0.06383   0.00000   0.00000   0.06534   0.32043   0.00000   0.00000   0.02047   0.08237   0.09508   0.00000   0.01413   0.00987   0.00000   0.10224   0.17826   1.34242   0.00010  
 39 223.5415   1436.761060  x:  0.05848   0.05245   0.06519   0.05648   0.05380   0.00000   0.11052   0.00000   0.00000   0.00000   0.00000   0.00000   0.00628   0.02192   0.00000   0.00000   0.29375   0.01466   0.00000   0.00639   0.07036   0.00000   0.00000   0.02794   0.01522   0.00000   0.01091   0.00000   0.07078   0.00000   0.06164   0.07783   0.02824   0.05189   0.06282   0.00000   0.00000   0.07292   0.28504   0.00000   0.00000   0.01342   0.08637   0.09570   0.00000   0.01406   0.00970   0.00000   0.10273   0.14397   1.41940   0.00010  
 40 282.9602   1435.797213  x:  0.05893   0.05290   0.07125   0.05367   0.05450   0.00000   0.12097   0.00000   0.00000   0.00000   0.00000   0.00000   0.00613   0.02144   0.00000   0.00000   0.27555   0.01301   0.00000   0.00641   0.06985   0.00000   0.00000   0.02572   0.01087   0.00000   0.00860   0.00000   0.07098   0.00000   0.06030   0.07287   0.02729   0.05074   0.06215   0.00000   0.00000   0.07109   0.25785   0.00000   0.00000   0.02190   0.08935   0.11290   0.00000   0.01787   0.00925   0.00000   0.10362   0.13652   1.45574   0.00010  
 41 88.9126   1435.261189  x:  0.05900   0.05298   0.07485   0.05166   0.05614   0.00000   0.12887   0.00000   0.00000   0.00000   0.00000   0.00000   0.00603   0.02150   0.00000   0.00000   0.26335   0.01334   0.00000   0.00633   0.06921   0.00000   0.00000   0.02500   0.01733   0.00000   0.00911   0.00000   0.07074   0.00000   0.05961   0.06875   0.02742   0.05069   0.06200   0.00000   0.00000   0.06943   0.24012   0.00000   0.00000   0.01584   0.09083   0.12350   0.00000   0.01674   0.00944   0.00000   0.10407   0.13561   1.47658   0.00010  
 42 157.9315   1435.130510  x:  0.05849   0.05246   0.07462   0.05069   0.05662   0.00000   0.13060   0.00000   0.00000   0.00000   0.00000   0.00000   0.00609   0.02191   0.00000   0.00000   0.25827   0.01510   0.00000   0.00641   0.06904   0.00000   0.00000   0.02536   0.01621   0.00000   0.01162   0.00000   0.07040   0.00000   0.06021   0.06928   0.02836   0.05118   0.06249   0.00000   0.00000   0.06953   0.23401   0.00000   0.00000   0.01661   0.09010   0.12240   0.00000   0.01216   0.00958   0.00000   0.10443   0.14086   1.48159   0.00010  
 43 31.3687   1434.980534  x:  0.05757   0.05154   0.07296   0.04909   0.05665   0.00000   0.13185   0.00000   0.00000   0.00000   0.00000   0.00000   0.00618   0.02165   0.00000   0.00000   0.25002   0.01398   0.00000   0.00643   0.06916   0.00000   0.00000   0.02575   0.01615   0.00000   0.01001   0.00000   0.07005   0.00000   0.06141   0.07184   0.02767   0.05135   0.06331   0.00000   0.00000   0.07049   0.22540   0.00000   0.00000   0.01639   0.08843   0.11729   0.00000   0.01511   0.00948   0.00000   0.10543   0.15213   1.48767   0.00010  
 44 33.9056   1434.935456  x:  0.05981   0.05378   0.07103   0.04682   0.05524   0.00000   0.12925   0.00000   0.00000   0.00000   0.00000   0.00000   0.00605   0.02172   0.00000   0.00000   0.24623   0.01401   0.00000   0.00639   0.07052   0.00000   0.00000   0.02554   0.01603   0.00000   0.01004   0.00000   0.07199   0.00000   0.05889   0.07009   0.02795   0.04971   0.06143   0.00000   0.00000   0.07106   0.22624   0.00000   0.00000   0.01626   0.09065   0.11774   0.00000   0.01502   0.00948   0.00000   0.10722   0.15481   1.48896   0.00010  
 45  4.4353   1434.717304  x:  0.05903   0.05300   0.06492   0.03283   0.05801   0.00000   0.12266   0.00000   0.00000   0.00000   0.00000   0.00000   0.00626   0.02165   0.00000   0.00000   0.23288   0.01404   0.00000   0.00648   0.06832   0.00000   0.00000   0.02572   0.01638   0.00000   0.00999   0.00000   0.07077   0.00000   0.06297   0.07234   0.02747   0.05251   0.06417   0.00000   0.00000   0.06897   0.23584   0.00000   0.00000   0.01651   0.09416   0.12443   0.00000   0.01500   0.00944   0.00000   0.11910   0.15642   1.49389   0.00010  
 46  6.0443   1433.925544  x:  0.05800   0.05198   0.07523   0.00000   0.05603   0.00000   0.12820   0.00000   0.00000   0.00000   0.00000   0.00000   0.00618   0.02160   0.00000   0.00000   0.22198   0.01407   0.00000   0.00646   0.06993   0.00000   0.00000   0.02574   0.01634   0.00000   0.00985   0.00000   0.06850   0.00000   0.06138   0.07195   0.02746   0.05086   0.06368   0.00000   0.00000   0.07261   0.24958   0.00000   0.00000   0.01619   0.08703   0.12325   0.00000   0.01468   0.00929   0.00000   0.14622   0.15603   1.50479   0.00010  
 47 18.2547   1424.124220  x:  0.05843   0.05240   0.05725   0.00000   0.05662   0.00000   0.11314   0.00000   0.00000   0.00000   0.00000   0.00000   0.00589   0.02201   0.00000   0.00000   0.20180   0.01420   0.00000   0.00638   0.07409   0.00000   0.00000   0.02529   0.01651   0.00000   0.01059   0.00000   0.05538   0.00000   0.06066   0.06644   0.02846   0.05244   0.06617   0.00000   0.00000   0.08491   0.24472   0.00000   0.00000   0.01661   0.07443   0.13185   0.00000   0.01550   0.00964   0.00000   0.01148   0.15163   1.47121   0.00010  
 48 146.0387   1423.805829  x:  0.05809   0.05206   0.06172   0.00000   0.05677   0.00000   0.11446   0.00000   0.00000   0.00000   0.00000   0.00000   0.00597   0.02189   0.00000   0.00000   0.19813   0.01419   0.00000   0.00637   0.07189   0.00000   0.00000   0.02541   0.01649   0.00000   0.01057   0.00000   0.05993   0.00000   0.06078   0.06722   0.02811   0.05432   0.06531   0.00000   0.00000   0.08117   0.24751   0.00000   0.00000   0.01667   0.07741   0.12920   0.00000   0.01556   0.00960   0.00000   0.00614   0.15146   1.47146   0.00010  
 49 46.8094   1423.560838  x:  0.05798   0.05196   0.06674   0.00856   0.05682   0.00000   0.11638   0.00000   0.00000   0.00000   0.00000   0.00000   0.00605   0.02168   0.00000   0.00000   0.19402   0.01417   0.00000   0.00634   0.06986   0.00000   0.00000   0.02560   0.01648   0.00000   0.01054   0.00000   0.06486   0.00000   0.06096   0.06804   0.02756   0.05715   0.06443   0.00000   0.00000   0.07683   0.25089   0.00000   0.00000   0.01678   0.08110   0.12599   0.00000   0.01561   0.00952   0.00000   0.00000   0.15130   1.47240   0.00010  
 50 95.2997   1423.560838  x:  0.05798   0.05196   0.06674   0.00856   0.05682   0.00000   0.11638   0.00000   0.00000   0.00000   0.00000   0.00000   0.00605   0.02168   0.00000   0.00000   0.19402   0.01417   0.00000   0.00634   0.06986   0.00000   0.00000   0.02560   0.01648   0.00000   0.01054   0.00000   0.06486   0.00000   0.06096   0.06804   0.02756   0.05715   0.06443   0.00000   0.00000   0.07683   0.25089   0.00000   0.00000   0.01678   0.08110   0.12599   0.00000   0.01561   0.00952   0.00000   0.00000   0.15130   1.47240   0.00010  
 51  8.5343   1420.199953  x:  0.06055   0.05452   0.07075   0.00783   0.05755   0.00000   0.12292   0.00000   0.00000   0.00000   0.00000   0.00000   0.01094   0.00896   0.00000   0.00000   0.20410   0.00484   0.00000   0.01290   0.07239   0.00000   0.00000   0.02494   0.01648   0.00000   0.00563   0.00000   0.06911   0.00000   0.06360   0.07359   0.01362   0.05195   0.06630   0.00000   0.00000   0.07815   0.25488   0.00000   0.00000   0.01650   0.08507   0.12904   0.00000   0.00510   0.00657   0.00000   0.00093   0.15783   1.47577   0.00010  
 52 174.0664   1418.981262  x:  0.06215   0.05613   0.07332   0.00708   0.05797   0.00000   0.12741   0.00000   0.00000   0.00000   0.00000   0.00000   0.01071   0.00342   0.00000   0.00000   0.21130   0.00749   0.00000   0.01216   0.07396   0.00000   0.00000   0.02465   0.01648   0.00000   0.00783   0.00000   0.07179   0.00000   0.06524   0.07720   0.00502   0.04865   0.06748   0.00000   0.00000   0.07900   0.25783   0.00000   0.00000   0.01642   0.08767   0.13117   0.00000   0.00654   0.00771   0.00000   0.00128   0.16244   1.47835   0.00010  
 53 236.0551   1418.333704  x:  0.06347   0.05744   0.07547   0.00664   0.05830   0.00000   0.13134   0.00000   0.00000   0.00000   0.00000   0.00000   0.01050   0.00660   0.00000   0.00000   0.21777   0.00743   0.00000   0.01099   0.07530   0.00000   0.00000   0.02448   0.01648   0.00000   0.00807   0.00000   0.07402   0.00000   0.06659   0.08033   0.00107   0.04615   0.06844   0.00000   0.00000   0.07971   0.26053   0.00000   0.00000   0.01640   0.08988   0.13306   0.00000   0.00684   0.00804   0.00000   0.00180   0.16655   1.48076   0.00010  
 54 243.6390   1415.940517  x:  0.07025   0.06423   0.08677   0.00413   0.05989   0.00000   0.15236   0.00000   0.00000   0.00000   0.00000   0.00000   0.00826   0.00975   0.00000   0.00000   0.25283   0.00744   0.00000   0.00498   0.08219   0.00000   0.00000   0.02373   0.01648   0.00000   0.00880   0.00000   0.08561   0.00000   0.07359   0.09745   0.00757   0.03479   0.07345   0.00000   0.00000   0.08341   0.27530   0.00000   0.00000   0.01634   0.10150   0.14320   0.00000   0.00822   0.00918   0.00000   0.00436   0.18875   1.49414   0.00010  
 55 395.8790   1415.650050  x:  0.07052   0.06450   0.08769   0.00367   0.05969   0.00000   0.15549   0.00000   0.00000   0.00000   0.00000   0.00000   0.00728   0.01095   0.00000   0.00000   0.25944   0.00946   0.00000   0.01031   0.08258   0.00000   0.00000   0.02415   0.01647   0.00000   0.00870   0.00000   0.08639   0.00000   0.07387   0.09902   0.00842   0.03597   0.07361   0.00000   0.00000   0.08362   0.27844   0.00000   0.00000   0.01649   0.10262   0.14477   0.00000   0.00951   0.00860   0.00000   0.00456   0.19263   1.49749   0.00010  
 56 131.1702   1414.755593  x:  0.06625   0.06022   0.08485   0.00403   0.05632   0.00000   0.16333   0.00000   0.00000   0.00000   0.00000   0.00000   0.00828   0.01064   0.00000   0.00000   0.28577   0.01078   0.00000   0.00786   0.07935   0.00000   0.00000   0.02756   0.01647   0.00000   0.00695   0.00000   0.08197   0.00000   0.06948   0.09642   0.00736   0.05504   0.07015   0.00000   0.00000   0.08180   0.29291   0.00000   0.00000   0.01733   0.10124   0.14898   0.00000   0.00948   0.00572   0.00000   0.00587   0.20634   1.51573   0.00010  
 57 79.1084   1414.529545  x:  0.06480   0.05877   0.08349   0.00270   0.05543   0.00000   0.16484   0.00000   0.00000   0.00000   0.00000   0.00000   0.00787   0.01067   0.00000   0.00000   0.29294   0.00916   0.00000   0.00812   0.07820   0.00000   0.00000   0.02753   0.01647   0.00000   0.00833   0.00000   0.08024   0.00000   0.06805   0.09498   0.00729   0.05867   0.06907   0.00000   0.00000   0.08114   0.29713   0.00000   0.00000   0.01713   0.10031   0.14980   0.00000   0.00876   0.00941   0.00000   0.00460   0.20984   1.52171   0.00010  
 58 158.2216   1414.389228  x:  0.06355   0.05752   0.08164   0.00476   0.05505   0.00000   0.16468   0.00000   0.00000   0.00000   0.00000   0.00000   0.00691   0.01053   0.00000   0.00000   0.29782   0.00776   0.00000   0.00854   0.07713   0.00000   0.00000   0.02573   0.01646   0.00000   0.00967   0.00000   0.07837   0.00000   0.06692   0.09285   0.00735   0.05741   0.06831   0.00000   0.00000   0.08052   0.30053   0.00000   0.00000   0.01639   0.09877   0.14971   0.00000   0.00905   0.00999   0.00000   0.00628   0.21176   1.52792   0.00010  
 59 67.8627   1414.001501  x:  0.06042   0.05439   0.07614   0.00389   0.05448   0.00000   0.16281   0.00000   0.00000   0.00000   0.00000   0.00000   0.00718   0.01042   0.00000   0.00000   0.30985   0.00769   0.00000   0.00849   0.07437   0.00000   0.00000   0.02064   0.01646   0.00000   0.00973   0.00000   0.07323   0.00000   0.06420   0.08639   0.00770   0.05025   0.06658   0.00000   0.00000   0.07890   0.30959   0.00000   0.00000   0.01491   0.09403   0.14867   0.00000   0.00968   0.00740   0.00000   0.00406   0.21592   1.54625   0.00010  
 60 136.7079   1413.829407  x:  0.05956   0.05353   0.07356   0.00497   0.05453   0.00000   0.16089   0.00000   0.00000   0.00000   0.00000   0.00000   0.00837   0.01046   0.00000   0.00000   0.31503   0.00978   0.00000   0.00847   0.07344   0.00000   0.00000   0.02210   0.01645   0.00000   0.00750   0.00000   0.07128   0.00000   0.06349   0.08322   0.00798   0.04605   0.06622   0.00000   0.00000   0.07835   0.31404   0.00000   0.00000   0.01624   0.09174   0.14762   0.00000   0.00856   0.00907   0.00000   0.00427   0.21723   1.55721   0.00010  
 61 99.3846   1413.645127  x:  0.06005   0.05402   0.07138   0.00514   0.05504   0.00000   0.15719   0.00000   0.00000   0.00000   0.00000   0.00000   0.00687   0.01029   0.00000   0.00000   0.31937   0.00858   0.00000   0.00849   0.07333   0.00000   0.00000   0.02788   0.01645   0.00000   0.00882   0.00000   0.07058   0.00000   0.06392   0.08029   0.00803   0.04284   0.06671   0.00000   0.00000   0.07830   0.31888   0.00000   0.00000   0.01829   0.08974   0.14566   0.00000   0.00865   0.00774   0.00000   0.00324   0.21737   1.57306   0.00010  
 62 74.0542   1413.318750  x:  0.06368   0.05765   0.06977   0.00633   0.05640   0.00000   0.14822   0.00000   0.00000   0.00000   0.00000   0.00000   0.01117   0.01025   0.00000   0.00000   0.32382   0.00708   0.00000   0.00892   0.07503   0.00000   0.00000   0.02999   0.01644   0.00000   0.00919   0.00000   0.07277   0.00000   0.06685   0.07792   0.00824   0.04358   0.06905   0.00000   0.00000   0.07938   0.32695   0.00000   0.00000   0.01471   0.08843   0.14103   0.00000   0.01184   0.00821   0.00000   0.00234   0.21483   1.61001   0.00010  
 63 71.7811   1412.706968  x:  0.06977   0.06374   0.06826   0.00775   0.05828   0.00000   0.13337   0.00000   0.00000   0.00000   0.00000   0.00000   0.00667   0.01025   0.00000   0.00000   0.32900   0.00910   0.00000   0.00826   0.07803   0.00000   0.00000   0.02665   0.01642   0.00000   0.00786   0.00000   0.07713   0.00000   0.07155   0.07611   0.00781   0.04743   0.07271   0.00000   0.00000   0.08136   0.33953   0.00000   0.00000   0.01236   0.08782   0.13349   0.00000   0.00837   0.00846   0.00000   0.00070   0.20917   1.67675   0.00010  
 64 240.9196   1412.413248  x:  0.07159   0.06556   0.06833   0.00821   0.05849   0.00000   0.12787   0.00000   0.00000   0.00000   0.00000   0.00000   0.00804   0.01039   0.00000   0.00000   0.32970   0.00886   0.00000   0.00841   0.07888   0.00000   0.00000   0.02253   0.01640   0.00000   0.00926   0.00000   0.07868   0.00000   0.07261   0.07721   0.00783   0.04918   0.07349   0.00000   0.00000   0.08203   0.34491   0.00000   0.00000   0.01923   0.08883   0.13078   0.00000   0.00834   0.00831   0.00000   0.00043   0.20544   1.71600   0.00010  
 65 192.4039   1411.696398  x:  0.06891   0.06289   0.07100   0.00702   0.05623   0.00000   0.12846   0.00000   0.00000   0.00000   0.00000   0.00000   0.00557   0.00947   0.00000   0.00000   0.32342   0.00648   0.00000   0.00821   0.07707   0.00000   0.00000   0.02255   0.01637   0.00000   0.00458   0.00000   0.07753   0.00000   0.06882   0.08482   0.00706   0.04835   0.07034   0.00000   0.00000   0.08144   0.34982   0.00000   0.00000   0.02037   0.09410   0.13132   0.00000   0.01258   0.00931   0.00000   0.00096   0.19643   1.80390   0.00010  
 66 126.3630   1410.154474  x:  0.06115   0.05512   0.07830   0.00474   0.05079   0.00000   0.13382   0.00000   0.00000   0.00000   0.00000   0.00000   0.00812   0.01019   0.00000   0.00000   0.30603   0.00885   0.00000   0.00848   0.07230   0.00000   0.00000   0.02584   0.01631   0.00000   0.00894   0.00000   0.07391   0.00000   0.05884   0.10338   0.00704   0.04523   0.06215   0.00000   0.00000   0.07964   0.35960   0.00000   0.00000   0.01620   0.10670   0.13456   0.00000   0.00837   0.00795   0.00000   0.00372   0.17489   2.02057   0.00010  
 67 974.2751   1408.864433  x:  0.05982   0.05379   0.08441   0.00290   0.06379   0.00000   0.16358   0.00000   0.00000   0.00000   0.00000   0.00000   0.00778   0.01007   0.00000   0.00000   0.28056   0.00887   0.00000   0.00835   0.07592   0.00000   0.00000   0.02426   0.01636   0.00000   0.00897   0.00000   0.07020   0.00000   0.06908   0.08823   0.00709   0.04764   0.07235   0.00000   0.00000   0.07896   0.34529   0.00000   0.00000   0.01683   0.09186   0.14880   0.00000   0.00795   0.00802   0.00000   0.00553   0.17788   2.20882   0.00010  
 68 113.0380   1408.468341  x:  0.06482   0.05879   0.08195   0.00328   0.05097   0.00000   0.16720   0.00000   0.00000   0.00000   0.00000   0.00000   0.00774   0.01005   0.00000   0.00000   0.27416   0.00890   0.00000   0.00835   0.07594   0.00000   0.00000   0.02393   0.01560   0.00000   0.00893   0.00000   0.07579   0.00000   0.06591   0.08050   0.00728   0.04669   0.06880   0.00000   0.00000   0.08137   0.32707   0.00000   0.00000   0.01694   0.09010   0.15034   0.00000   0.00788   0.00797   0.00000   0.00516   0.19183   2.26535   0.00010  
 69 54.3583   1408.311266  x:  0.06444   0.05841   0.07713   0.00396   0.05489   0.00000   0.16393   0.00000   0.00000   0.00000   0.00000   0.00000   0.00780   0.01005   0.00000   0.00000   0.27453   0.00891   0.00000   0.00835   0.07524   0.00000   0.00000   0.02410   0.02042   0.00000   0.00901   0.00000   0.07519   0.00000   0.06528   0.08276   0.00721   0.04689   0.06787   0.00000   0.00000   0.08092   0.31136   0.00000   0.00000   0.01678   0.09279   0.14825   0.00000   0.00783   0.00795   0.00000   0.00448   0.20246   2.29010   0.00010  
 70 32.9852   1408.208685  x:  0.06367   0.05764   0.07423   0.00439   0.05799   0.00000   0.16121   0.00000   0.00000   0.00000   0.00000   0.00000   0.00785   0.01006   0.00000   0.00000   0.27558   0.00892   0.00000   0.00836   0.07489   0.00000   0.00000   0.02424   0.01621   0.00000   0.00907   0.00000   0.07412   0.00000   0.06532   0.08500   0.00715   0.04709   0.06785   0.00000   0.00000   0.08041   0.30058   0.00000   0.00000   0.01665   0.09443   0.14671   0.00000   0.00780   0.00794   0.00000   0.00405   0.20903   2.30509   0.00010  
 71 72.9498   1408.186622  x:  0.06263   0.05660   0.07652   0.00420   0.05603   0.00000   0.15951   0.00000   0.00000   0.00000   0.00000   0.00000   0.00786   0.01006   0.00000   0.00000   0.27848   0.00892   0.00000   0.00836   0.07547   0.00000   0.00000   0.02430   0.01643   0.00000   0.00908   0.00000   0.07241   0.00000   0.06649   0.08611   0.00712   0.04706   0.06971   0.00000   0.00000   0.08020   0.29568   0.00000   0.00000   0.01661   0.09270   0.14666   0.00000   0.00781   0.00794   0.00000   0.00424   0.20841   2.30863   0.00010  
 72  7.3001   1408.176995  x:  0.06259   0.05656   0.07832   0.00394   0.05707   0.00000   0.15911   0.00000   0.00000   0.00000   0.00000   0.00000   0.00785   0.01005   0.00000   0.00000   0.28143   0.00890   0.00000   0.00836   0.07519   0.00000   0.00000   0.02428   0.01641   0.00000   0.00906   0.00000   0.07339   0.00000   0.06552   0.08501   0.00715   0.04700   0.06872   0.00000   0.00000   0.08050   0.29234   0.00000   0.00000   0.01663   0.09216   0.14709   0.00000   0.00783   0.00794   0.00000   0.00449   0.20613   2.31032   0.00010  
 73  4.4584   1408.173928  x:  0.06282   0.05679   0.07707   0.00394   0.05677   0.00000   0.15978   0.00000   0.00000   0.00000   0.00000   0.00000   0.00785   0.01005   0.00000   0.00000   0.28269   0.00890   0.00000   0.00836   0.07517   0.00000   0.00000   0.02426   0.01644   0.00000   0.00906   0.00000   0.07332   0.00000   0.06618   0.08449   0.00716   0.04700   0.06885   0.00000   0.00000   0.08039   0.29119   0.00000   0.00000   0.01664   0.09308   0.14734   0.00000   0.00782   0.00795   0.00000   0.00449   0.20452   2.31100   0.00010  
 74  1.7718   1408.169698  x:  0.06366   0.05763   0.07593   0.00422   0.05683   0.00000   0.16061   0.00000   0.00000   0.00000   0.00000   0.00000   0.00785   0.01004   0.00000   0.00000   0.28339   0.00890   0.00000   0.00836   0.07551   0.00000   0.00000   0.02424   0.01644   0.00000   0.00906   0.00000   0.07302   0.00000   0.06517   0.08556   0.00713   0.04704   0.06913   0.00000   0.00000   0.08048   0.29088   0.00000   0.00000   0.01664   0.09194   0.14701   0.00000   0.00781   0.00795   0.00000   0.00421   0.20370   2.31229   0.00010  
 75  0.6893   1408.074612  x:  0.06189   0.05586   0.07545   0.00831   0.05604   0.00000   0.16405   0.00000   0.00000   0.00000   0.00000   0.00000   0.00801   0.00971   0.00000   0.00000   0.28956   0.00869   0.00000   0.00834   0.07236   0.00000   0.00000   0.02427   0.01640   0.00000   0.00892   0.00000   0.07817   0.00000   0.06960   0.08862   0.00694   0.04627   0.06698   0.00000   0.00000   0.08208   0.29471   0.00000   0.00000   0.01657   0.08887   0.14000   0.00000   0.00772   0.00794   0.00000   0.00000   0.20380   2.34555   0.00010  
 76  1.3117   1408.074612  x:  0.06189   0.05586   0.07545   0.00831   0.05604   0.00000   0.16405   0.00000   0.00000   0.00000   0.00000   0.00000   0.00801   0.00971   0.00000   0.00000   0.28956   0.00869   0.00000   0.00834   0.07236   0.00000   0.00000   0.02427   0.01640   0.00000   0.00892   0.00000   0.07817   0.00000   0.06960   0.08862   0.00694   0.04627   0.06698   0.00000   0.00000   0.08208   0.29471   0.00000   0.00000   0.01657   0.08887   0.14000   0.00000   0.00772   0.00794   0.00000   0.00000   0.20380   2.34555   0.00010  
 77 30.6459   1408.010173  x:  0.06255   0.05652   0.07590   0.00795   0.05614   0.00000   0.16346   0.00000   0.00000   0.00000   0.00000   0.00000   0.00801   0.00763   0.00000   0.00000   0.29032   0.00771   0.00000   0.00791   0.07315   0.00000   0.00000   0.02439   0.01627   0.00000   0.00760   0.00000   0.07789   0.00000   0.06929   0.08861   0.00597   0.04558   0.06745   0.00000   0.00000   0.08199   0.29539   0.00000   0.00000   0.01630   0.08981   0.14040   0.00000   0.00833   0.00823   0.00000   0.00023   0.20410   2.34581   0.00010  
 78 32.6487   1407.901456  x:  0.06577   0.05975   0.07811   0.00681   0.05666   0.00000   0.16028   0.00000   0.00000   0.00000   0.00000   0.00000   0.00908   0.00720   0.00000   0.00000   0.29453   0.00859   0.00000   0.00834   0.07700   0.00000   0.00000   0.02481   0.01596   0.00000   0.00868   0.00000   0.07649   0.00000   0.06768   0.08869   0.00572   0.04278   0.06977   0.00000   0.00000   0.08152   0.29910   0.00000   0.00000   0.01564   0.09458   0.14254   0.00000   0.00763   0.00792   0.00000   0.00220   0.20570   2.34726   0.00010  
 79 27.2558   1407.863346  x:  0.06685   0.06083   0.07884   0.00543   0.05682   0.00000   0.15897   0.00000   0.00000   0.00000   0.00000   0.00000   0.00858   0.00808   0.00000   0.00000   0.29636   0.00828   0.00000   0.00817   0.07827   0.00000   0.00000   0.02482   0.01604   0.00000   0.00833   0.00000   0.07600   0.00000   0.06711   0.08873   0.00639   0.04213   0.07057   0.00000   0.00000   0.08136   0.30073   0.00000   0.00000   0.01580   0.09628   0.14339   0.00000   0.00797   0.00805   0.00000   0.00208   0.20637   2.34793   0.00010  
 80 57.7072   1407.849969  x:  0.06714   0.06111   0.07903   0.00560   0.05685   0.00000   0.15835   0.00000   0.00000   0.00000   0.00000   0.00000   0.00802   0.00848   0.00000   0.00000   0.29734   0.00801   0.00000   0.00804   0.07858   0.00000   0.00000   0.02471   0.01617   0.00000   0.00802   0.00000   0.07586   0.00000   0.06693   0.08873   0.00675   0.04222   0.07080   0.00000   0.00000   0.08132   0.30160   0.00000   0.00000   0.01610   0.09685   0.14378   0.00000   0.00816   0.00814   0.00000   0.00285   0.20669   2.34833   0.00010  
 81 33.1328   1407.820137  x:  0.06690   0.06088   0.07881   0.00448   0.05672   0.00000   0.15627   0.00000   0.00000   0.00000   0.00000   0.00000   0.00733   0.00794   0.00000   0.00000   0.30126   0.00827   0.00000   0.00822   0.07814   0.00000   0.00000   0.02399   0.01672   0.00000   0.00827   0.00000   0.07586   0.00000   0.06680   0.08861   0.00638   0.04422   0.07080   0.00000   0.00000   0.08137   0.30506   0.00000   0.00000   0.01725   0.09742   0.14490   0.00000   0.00765   0.00797   0.00000   0.00365   0.20781   2.35011   0.00010  
 82 16.6720   1407.794140  x:  0.06641   0.06038   0.07840   0.00362   0.05656   0.00000   0.15434   0.00000   0.00000   0.00000   0.00000   0.00000   0.00860   0.00826   0.00000   0.00000   0.30527   0.00812   0.00000   0.00809   0.07741   0.00000   0.00000   0.02371   0.01669   0.00000   0.00814   0.00000   0.07598   0.00000   0.06681   0.08851   0.00608   0.04595   0.07060   0.00000   0.00000   0.08145   0.30862   0.00000   0.00000   0.01721   0.09759   0.14590   0.00000   0.00820   0.00812   0.00000   0.00460   0.20891   2.35206   0.00010  
 83 43.4932   1407.775520  x:  0.06583   0.05980   0.07791   0.00306   0.05646   0.00000   0.15320   0.00000   0.00000   0.00000   0.00000   0.00000   0.00814   0.00821   0.00000   0.00000   0.30848   0.00810   0.00000   0.00809   0.07666   0.00000   0.00000   0.02438   0.01596   0.00000   0.00813   0.00000   0.07619   0.00000   0.06701   0.08851   0.00634   0.04618   0.07026   0.00000   0.00000   0.08154   0.31147   0.00000   0.00000   0.01570   0.09717   0.14642   0.00000   0.00796   0.00809   0.00000   0.00514   0.20971   2.35387   0.00010  
 84 24.8615   1407.760782  x:  0.06524   0.05921   0.07738   0.00289   0.05647   0.00000   0.15299   0.00000   0.00000   0.00000   0.00000   0.00000   0.00799   0.00832   0.00000   0.00000   0.31151   0.00826   0.00000   0.00819   0.07607   0.00000   0.00000   0.02513   0.01627   0.00000   0.00823   0.00000   0.07648   0.00000   0.06741   0.08860   0.00604   0.04419   0.06978   0.00000   0.00000   0.08162   0.31419   0.00000   0.00000   0.01623   0.09602   0.14635   0.00000   0.00831   0.00807   0.00000   0.00531   0.21032   2.35623   0.00010  
 85 13.2887   1407.756123  x:  0.06512   0.05909   0.07724   0.00293   0.05649   0.00000   0.15315   0.00000   0.00000   0.00000   0.00000   0.00000   0.00825   0.00819   0.00000   0.00000   0.31253   0.00807   0.00000   0.00806   0.07599   0.00000   0.00000   0.02495   0.01635   0.00000   0.00811   0.00000   0.07655   0.00000   0.06755   0.08865   0.00647   0.04355   0.06964   0.00000   0.00000   0.08163   0.31511   0.00000   0.00000   0.01643   0.09556   0.14619   0.00000   0.00788   0.00810   0.00000   0.00527   0.21048   2.35726   0.00010  
 86 16.1840   1407.750956  x:  0.06523   0.05920   0.07724   0.00323   0.05653   0.00000   0.15392   0.00000   0.00000   0.00000   0.00000   0.00000   0.00819   0.00805   0.00000   0.00000   0.31369   0.00821   0.00000   0.00816   0.07623   0.00000   0.00000   0.02394   0.01621   0.00000   0.00820   0.00000   0.07656   0.00000   0.06765   0.08868   0.00667   0.04322   0.06959   0.00000   0.00000   0.08160   0.31618   0.00000   0.00000   0.01625   0.09500   0.14568   0.00000   0.00818   0.00807   0.00000   0.00499   0.21057   2.35914   0.00010  
 87  8.7952   1407.746083  x:  0.06547   0.05944   0.07732   0.00364   0.05653   0.00000   0.15494   0.00000   0.00000   0.00000   0.00000   0.00000   0.00810   0.00839   0.00000   0.00000   0.31473   0.00808   0.00000   0.00806   0.07661   0.00000   0.00000   0.02364   0.01616   0.00000   0.00811   0.00000   0.07651   0.00000   0.06769   0.08865   0.00614   0.04333   0.06963   0.00000   0.00000   0.08155   0.31717   0.00000   0.00000   0.01610   0.09458   0.14503   0.00000   0.00790   0.00811   0.00000   0.00458   0.21056   2.36142   0.00010  
 88 13.0808   1407.735527  x:  0.06609   0.06006   0.07759   0.00468   0.05647   0.00000   0.15745   0.00000   0.00000   0.00000   0.00000   0.00000   0.00818   0.00820   0.00000   0.00000   0.31682   0.00812   0.00000   0.00811   0.07745   0.00000   0.00000   0.02461   0.01632   0.00000   0.00816   0.00000   0.07632   0.00000   0.06764   0.08860   0.00637   0.04433   0.06983   0.00000   0.00000   0.08141   0.31919   0.00000   0.00000   0.01623   0.09401   0.14353   0.00000   0.00804   0.00807   0.00000   0.00355   0.21041   2.36729   0.00010  
 89 19.4481   1407.720523  x:  0.06563   0.05960   0.07745   0.00560   0.05571   0.00000   0.15914   0.00000   0.00000   0.00000   0.00000   0.00000   0.00816   0.00819   0.00000   0.00000   0.31750   0.00848   0.00000   0.00796   0.07606   0.00000   0.00000   0.02460   0.01541   0.00000   0.00803   0.00000   0.07616   0.00000   0.06703   0.08854   0.00638   0.04410   0.07011   0.00000   0.00000   0.08147   0.32021   0.00000   0.00000   0.01668   0.09643   0.14312   0.00000   0.00798   0.00852   0.00000   0.00265   0.20944   2.37993   0.00010  
 90  6.3201   1407.707876  x:  0.06525   0.05922   0.07735   0.00623   0.05525   0.00000   0.16022   0.00000   0.00000   0.00000   0.00000   0.00000   0.00818   0.00822   0.00000   0.00000   0.31785   0.00789   0.00000   0.00822   0.07504   0.00000   0.00000   0.02448   0.01580   0.00000   0.00823   0.00000   0.07606   0.00000   0.06663   0.08850   0.00637   0.04388   0.07029   0.00000   0.00000   0.08153   0.32088   0.00000   0.00000   0.01647   0.09823   0.14297   0.00000   0.00805   0.00780   0.00000   0.00203   0.20863   2.39079   0.00010  
 91 64.4927   1407.696395  x:  0.06501   0.05898   0.07734   0.00653   0.05525   0.00000   0.16062   0.00000   0.00000   0.00000   0.00000   0.00000   0.00816   0.00819   0.00000   0.00000   0.31784   0.00828   0.00000   0.00802   0.07464   0.00000   0.00000   0.02436   0.01710   0.00000   0.00810   0.00000   0.07606   0.00000   0.06654   0.08849   0.00641   0.04377   0.07031   0.00000   0.00000   0.08157   0.32120   0.00000   0.00000   0.01580   0.09910   0.14314   0.00000   0.00801   0.00826   0.00000   0.00173   0.20794   2.40184   0.00010  
 92 42.7978   1407.530767  x:  0.06404   0.05801   0.07866   0.00660   0.06066   0.00000   0.15749   0.00000   0.00000   0.00000   0.00000   0.00000   0.00818   0.00822   0.00000   0.00000   0.31333   0.00817   0.00000   0.00840   0.07805   0.00000   0.00000   0.02445   0.01620   0.00000   0.00790   0.00000   0.07696   0.00000   0.06930   0.08866   0.00628   0.04417   0.06859   0.00000   0.00000   0.08193   0.32163   0.00000   0.00000   0.01620   0.09764   0.14890   0.00000   0.00796   0.00808   0.00000   0.00163   0.20012   2.56207   0.00010  
 93 50.5316   1407.511658  x:  0.06445   0.05843   0.07881   0.00627   0.05947   0.00000   0.15675   0.00000   0.00000   0.00000   0.00000   0.00000   0.00807   0.00810   0.00000   0.00000   0.31277   0.00794   0.00000   0.00728   0.07786   0.00000   0.00000   0.02445   0.01616   0.00000   0.00869   0.00000   0.07674   0.00000   0.06897   0.08859   0.00627   0.04412   0.06878   0.00000   0.00000   0.08190   0.32126   0.00000   0.00000   0.01622   0.09674   0.14884   0.00000   0.00813   0.00807   0.00000   0.00195   0.20014   2.57993   0.00010  
 94 73.3446   1407.463642  x:  0.06596   0.05993   0.07913   0.00509   0.05496   0.00000   0.15456   0.00000   0.00000   0.00000   0.00000   0.00000   0.00813   0.00816   0.00000   0.00000   0.31131   0.00801   0.00000   0.00814   0.07683   0.00000   0.00000   0.02443   0.01619   0.00000   0.00821   0.00000   0.07587   0.00000   0.06753   0.08832   0.00627   0.04394   0.06965   0.00000   0.00000   0.08173   0.31990   0.00000   0.00000   0.01619   0.09385   0.14788   0.00000   0.00800   0.00821   0.00000   0.00310   0.20122   2.62544   0.00010  
 95 162.7034   1407.459305  x:  0.06603   0.06000   0.07892   0.00483   0.05519   0.00000   0.15443   0.00000   0.00000   0.00000   0.00000   0.00000   0.00816   0.00819   0.00000   0.00000   0.31124   0.00835   0.00000   0.00789   0.07664   0.00000   0.00000   0.02442   0.01619   0.00000   0.00788   0.00000   0.07579   0.00000   0.06732   0.08829   0.00628   0.04394   0.06980   0.00000   0.00000   0.08171   0.31951   0.00000   0.00000   0.01619   0.09382   0.14729   0.00000   0.00800   0.00775   0.00000   0.00335   0.20205   2.62959   0.00010  
 96 19.0503   1407.441265  x:  0.06618   0.06016   0.07762   0.00350   0.05724   0.00000   0.15404   0.00000   0.00000   0.00000   0.00000   0.00000   0.00814   0.00817   0.00000   0.00000   0.31108   0.00810   0.00000   0.00807   0.07580   0.00000   0.00000   0.02441   0.01618   0.00000   0.00811   0.00000   0.07550   0.00000   0.06645   0.08816   0.00627   0.04396   0.07045   0.00000   0.00000   0.08159   0.31739   0.00000   0.00000   0.01619   0.09410   0.14397   0.00000   0.00800   0.00808   0.00000   0.00465   0.20682   2.64715   0.00010  
 97 42.1754   1407.437398  x:  0.06583   0.05981   0.07718   0.00337   0.05648   0.00000   0.15435   0.00000   0.00000   0.00000   0.00000   0.00000   0.00814   0.00817   0.00000   0.00000   0.31140   0.00810   0.00000   0.00806   0.07679   0.00000   0.00000   0.02441   0.01618   0.00000   0.00811   0.00000   0.07591   0.00000   0.06742   0.08829   0.00626   0.04398   0.06987   0.00000   0.00000   0.08180   0.31631   0.00000   0.00000   0.01619   0.09480   0.14373   0.00000   0.00800   0.00808   0.00000   0.00479   0.20890   2.65098   0.00010  
 98  4.9268   1407.436521  x:  0.06593   0.05990   0.07739   0.00369   0.05657   0.00000   0.15477   0.00000   0.00000   0.00000   0.00000   0.00000   0.00814   0.00817   0.00000   0.00000   0.31191   0.00810   0.00000   0.00806   0.07653   0.00000   0.00000   0.02441   0.01618   0.00000   0.00811   0.00000   0.07582   0.00000   0.06733   0.08827   0.00626   0.04398   0.06974   0.00000   0.00000   0.08174   0.31553   0.00000   0.00000   0.01619   0.09466   0.14470   0.00000   0.00800   0.00808   0.00000   0.00447   0.20985   2.65188   0.00010  
 99  1.2594   1407.436443  x:  0.06586   0.05983   0.07728   0.00378   0.05657   0.00000   0.15472   0.00000   0.00000   0.00000   0.00000   0.00000   0.00814   0.00817   0.00000   0.00000   0.31213   0.00810   0.00000   0.00806   0.07662   0.00000   0.00000   0.02441   0.01618   0.00000   0.00811   0.00000   0.07583   0.00000   0.06727   0.08828   0.00626   0.04398   0.06996   0.00000   0.00000   0.08176   0.31529   0.00000   0.00000   0.01619   0.09461   0.14475   0.00000   0.00800   0.00808   0.00000   0.00438   0.20982   2.65197   0.00010  
100  0.3755   1407.436391  x:  0.06591   0.05988   0.07727   0.00384   0.05658   0.00000   0.15460   0.00000   0.00000   0.00000   0.00000   0.00000   0.00814   0.00817   0.00000   0.00000   0.31245   0.00810   0.00000   0.00806   0.07660   0.00000   0.00000   0.02441   0.01618   0.00000   0.00811   0.00000   0.07584   0.00000   0.06728   0.08827   0.00626   0.04398   0.06986   0.00000   0.00000   0.08176   0.31497   0.00000   0.00000   0.01619   0.09464   0.14466   0.00000   0.00800   0.00808   0.00000   0.00432   0.20966   2.65206   0.00010  
101  0.2585   1407.436380  x:  0.06588   0.05986   0.07736   0.00376   0.05658   0.00000   0.15465   0.00000   0.00000   0.00000   0.00000   0.00000   0.00814   0.00817   0.00000   0.00000   0.31253   0.00810   0.00000   0.00806   0.07658   0.00000   0.00000   0.02441   0.01618   0.00000   0.00811   0.00000   0.07582   0.00000   0.06732   0.08829   0.00626   0.04398   0.06989   0.00000   0.00000   0.08174   0.31490   0.00000   0.00000   0.01619   0.09464   0.14464   0.00000   0.00800   0.00808   0.00000   0.00440   0.20961   2.65212   0.00010  
102  0.0777   1407.436366  x:  0.06587   0.05984   0.07736   0.00370   0.05658   0.00000   0.15471   0.00000   0.00000   0.00000   0.00000   0.00000   0.00814   0.00817   0.00000   0.00000   0.31258   0.00810   0.00000   0.00806   0.07661   0.00000   0.00000   0.02441   0.01618   0.00000   0.00811   0.00000   0.07585   0.00000   0.06723   0.08826   0.00626   0.04397   0.06985   0.00000   0.00000   0.08177   0.31487   0.00000   0.00000   0.01619   0.09464   0.14465   0.00000   0.00800   0.00808   0.00000   0.00446   0.20957   2.65223   0.00010  
103  0.0686   1407.436185  x:  0.06605   0.06002   0.07696   0.00353   0.05657   0.00000   0.15498   0.00000   0.00000   0.00000   0.00000   0.00000   0.00813   0.00816   0.00000   0.00000   0.31275   0.00809   0.00000   0.00806   0.07654   0.00000   0.00000   0.02441   0.01618   0.00000   0.00811   0.00000   0.07583   0.00000   0.06735   0.08821   0.00626   0.04397   0.06993   0.00000   0.00000   0.08181   0.31498   0.00000   0.00000   0.01619   0.09471   0.14480   0.00000   0.00800   0.00808   0.00000   0.00462   0.20942   2.65379   0.00010  
104  0.1118   1407.434823  x:  0.06591   0.05988   0.07712   0.00393   0.05649   0.00000   0.15515   0.00000   0.00000   0.00000   0.00000   0.00000   0.00810   0.00810   0.00000   0.00000   0.31365   0.00805   0.00000   0.00806   0.07661   0.00000   0.00000   0.02440   0.01619   0.00000   0.00806   0.00000   0.07548   0.00000   0.06707   0.08844   0.00623   0.04390   0.06985   0.00000   0.00000   0.08133   0.31623   0.00000   0.00000   0.01618   0.09520   0.14468   0.00000   0.00802   0.00807   0.00000   0.00420   0.20927   2.66571   0.00010  
105  1.1044   1407.434522  x:  0.06595   0.05992   0.07739   0.00407   0.05650   0.00000   0.15515   0.00000   0.00000   0.00000   0.00000   0.00000   0.00810   0.00809   0.00000   0.00000   0.31385   0.00805   0.00000   0.00806   0.07651   0.00000   0.00000   0.02440   0.01620   0.00000   0.00805   0.00000   0.07577   0.00000   0.06712   0.08832   0.00623   0.04388   0.07001   0.00000   0.00000   0.08174   0.31652   0.00000   0.00000   0.01617   0.09530   0.14461   0.00000   0.00802   0.00807   0.00000   0.00406   0.20929   2.66836   0.00010  
106  2.9048   1407.434519  x:  0.06594   0.05991   0.07740   0.00407   0.05650   0.00000   0.15514   0.00000   0.00000   0.00000   0.00000   0.00000   0.00810   0.00809   0.00000   0.00000   0.31385   0.00805   0.00000   0.00806   0.07651   0.00000   0.00000   0.02440   0.01620   0.00000   0.00805   0.00000   0.07573   0.00000   0.06713   0.08825   0.00624   0.04388   0.07001   0.00000   0.00000   0.08176   0.31653   0.00000   0.00000   0.01617   0.09530   0.14461   0.00000   0.00802   0.00807   0.00000   0.00406   0.20929   2.66839   0.00010  
107  0.1003   1407.434519  x:  0.06594   0.05991   0.07740   0.00407   0.05650   0.00000   0.15514   0.00000   0.00000   0.00000   0.00000   0.00000   0.00810   0.00809   0.00000   0.00000   0.31385   0.00805   0.00000   0.00806   0.07651   0.00000   0.00000   0.02440   0.01620   0.00000   0.00805   0.00000   0.07573   0.00000   0.06713   0.08825   0.00624   0.04388   0.07001   0.00000   0.00000   0.08175   0.31653   0.00000   0.00000   0.01617   0.09530   0.14461   0.00000   0.00802   0.00807   0.00000   0.00406   0.20929   2.66839   0.00010  
108  0.0081   1407.434501  x:  0.06592   0.05989   0.07739   0.00406   0.05653   0.00000   0.15511   0.00000   0.00000   0.00000   0.00000   0.00000   0.00810   0.00810   0.00000   0.00000   0.31379   0.00806   0.00000   0.00806   0.07652   0.00000   0.00000   0.02440   0.01619   0.00000   0.00806   0.00000   0.07574   0.00000   0.06716   0.08825   0.00624   0.04389   0.06999   0.00000   0.00000   0.08176   0.31649   0.00000   0.00000   0.01617   0.09526   0.14465   0.00000   0.00802   0.00807   0.00000   0.00407   0.20923   2.66995   0.00010  
109  0.0024   1407.434501  x:  0.06592   0.05989   0.07740   0.00406   0.05653   0.00000   0.15511   0.00000   0.00000   0.00000   0.00000   0.00000   0.00810   0.00810   0.00000   0.00000   0.31379   0.00806   0.00000   0.00806   0.07652   0.00000   0.00000   0.02440   0.01619   0.00000   0.00806   0.00000   0.07574   0.00000   0.06716   0.08825   0.00624   0.04389   0.06999   0.00000   0.00000   0.08176   0.31649   0.00000   0.00000   0.01617   0.09525   0.14465   0.00000   0.00802   0.00807   0.00000   0.00407   0.20923   2.67002   0.00010  
110  0.0001   1407.434501  x:  0.06592   0.05989   0.07740   0.00406   0.05653   0.00000   0.15511   0.00000   0.00000   0.00000   0.00000   0.00000   0.00810   0.00810   0.00000   0.00000   0.31379   0.00806   0.00000   0.00806   0.07652   0.00000   0.00000   0.02440   0.01619   0.00000   0.00806   0.00000   0.07574   0.00000   0.06716   0.08825   0.00624   0.04389   0.06999   0.00000   0.00000   0.08176   0.31649   0.00000   0.00000   0.01617   0.09525   0.14465   0.00000   0.00802   0.00807   0.00000   0.00407   0.20923   2.67002   0.00010  
111  0.0000   1407.434501  x:  0.06592   0.05989   0.07740   0.00406   0.05653   0.00000   0.15511   0.00000   0.00000   0.00000   0.00000   0.00000   0.00810   0.00810   0.00000   0.00000   0.31379   0.00806   0.00000   0.00806   0.07652   0.00000   0.00000   0.02440   0.01619   0.00000   0.00806   0.00000   0.07574   0.00000   0.06716   0.08825   0.00624   0.04389   0.06999   0.00000   0.00000   0.08176   0.31649   0.00000   0.00000   0.01617   0.09525   0.14465   0.00000   0.00802   0.00807   0.00000   0.00407   0.20923   2.67002   0.00010  