Supplemental results for CODEML (seqf: D:\pamlX\prank_target_ortho_grik2_ensembl_phy.best.nuc_updated.phy  treef: D:\pamlX\prank_target_ortho_grik2_ensembl_phy.best.dnd)


MLEs of dN/dS (w) for site classes (K=4)

site class             0        1       2a       2b
proportion       1.00000  0.00000  0.00000  0.00000
background w     0.00000  1.00000  0.00000  1.00000
foreground w     0.00000  1.00000  1.59890  1.59890
(note that p[2] is zero)


Naive Empirical Bayes (NEB) probabilities for 4 classes
(amino acids refer to 1st sequence: homosapiens)

   1 M   1.00000 0.00000 0.00000 0.00000 ( 1)
   2 G   1.00000 0.00000 0.00000 0.00000 ( 1)
   3 A   1.00000 0.00000 0.00000 0.00000 ( 1)
   4 E   1.00000 0.00000 0.00000 0.00000 ( 1)
   5 E   1.00000 0.00000 0.00000 0.00000 ( 1)
   6 L   1.00000 0.00000 0.00000 0.00000 ( 1)
   7 A   1.00000 0.00000 0.00000 0.00000 ( 1)
   8 F   1.00000 0.00000 0.00000 0.00000 ( 1)
   9 R   1.00000 0.00000 0.00000 0.00000 ( 1)
  10 F   1.00000 0.00000 0.00000 0.00000 ( 1)
  11 A   1.00000 0.00000 0.00000 0.00000 ( 1)
  12 V   1.00000 0.00000 0.00000 0.00000 ( 1)
  13 N   1.00000 0.00000 0.00000 0.00000 ( 1)
  14 T   1.00000 0.00000 0.00000 0.00000 ( 1)
  15 I   1.00000 0.00000 0.00000 0.00000 ( 1)
  16 N   1.00000 0.00000 0.00000 0.00000 ( 1)
  17 R   1.00000 0.00000 0.00000 0.00000 ( 1)
  18 N   1.00000 0.00000 0.00000 0.00000 ( 1)
  19 R   1.00000 0.00000 0.00000 0.00000 ( 1)
  20 T   1.00000 0.00000 0.00000 0.00000 ( 1)
  21 L   1.00000 0.00000 0.00000 0.00000 ( 1)
  22 L   1.00000 0.00000 0.00000 0.00000 ( 1)
  23 P   1.00000 0.00000 0.00000 0.00000 ( 1)
  24 N   1.00000 0.00000 0.00000 0.00000 ( 1)
  25 T   1.00000 0.00000 0.00000 0.00000 ( 1)
  26 T   1.00000 0.00000 0.00000 0.00000 ( 1)
  27 L   1.00000 0.00000 0.00000 0.00000 ( 1)
  28 T   1.00000 0.00000 0.00000 0.00000 ( 1)
  29 Y   1.00000 0.00000 0.00000 0.00000 ( 1)
  30 D   1.00000 0.00000 0.00000 0.00000 ( 1)
  31 T   1.00000 0.00000 0.00000 0.00000 ( 1)
  32 Q   1.00000 0.00000 0.00000 0.00000 ( 1)
  33 K   1.00000 0.00000 0.00000 0.00000 ( 1)
  34 I   1.00000 0.00000 0.00000 0.00000 ( 1)
  35 N   1.00000 0.00000 0.00000 0.00000 ( 1)
  36 L   1.00000 0.00000 0.00000 0.00000 ( 1)
  37 Y   1.00000 0.00000 0.00000 0.00000 ( 1)
  38 D   1.00000 0.00000 0.00000 0.00000 ( 1)
  39 S   1.00000 0.00000 0.00000 0.00000 ( 1)
  40 F   1.00000 0.00000 0.00000 0.00000 ( 1)
  41 E   1.00000 0.00000 0.00000 0.00000 ( 1)
  42 A   1.00000 0.00000 0.00000 0.00000 ( 1)
  43 S   1.00000 0.00000 0.00000 0.00000 ( 1)
  44 K   1.00000 0.00000 0.00000 0.00000 ( 1)
  45 K   1.00000 0.00000 0.00000 0.00000 ( 1)
  46 A   1.00000 0.00000 0.00000 0.00000 ( 1)
  47 C   1.00000 0.00000 0.00000 0.00000 ( 1)
  48 D   1.00000 0.00000 0.00000 0.00000 ( 1)
  49 Q   1.00000 0.00000 0.00000 0.00000 ( 1)
  50 L   1.00000 0.00000 0.00000 0.00000 ( 1)
  51 S   1.00000 0.00000 0.00000 0.00000 ( 1)
  52 L   1.00000 0.00000 0.00000 0.00000 ( 1)
  53 G   1.00000 0.00000 0.00000 0.00000 ( 1)
  54 V   1.00000 0.00000 0.00000 0.00000 ( 1)
  55 A   1.00000 0.00000 0.00000 0.00000 ( 1)
  56 A   1.00000 0.00000 0.00000 0.00000 ( 1)
  57 I   1.00000 0.00000 0.00000 0.00000 ( 1)
  58 F   1.00000 0.00000 0.00000 0.00000 ( 1)
  59 G   1.00000 0.00000 0.00000 0.00000 ( 1)
  60 P   1.00000 0.00000 0.00000 0.00000 ( 1)
  61 S   1.00000 0.00000 0.00000 0.00000 ( 1)
  62 H   1.00000 0.00000 0.00000 0.00000 ( 1)
  63 S   1.00000 0.00000 0.00000 0.00000 ( 1)
  64 S   1.00000 0.00000 0.00000 0.00000 ( 1)
  65 S   1.00000 0.00000 0.00000 0.00000 ( 1)
  66 A   1.00000 0.00000 0.00000 0.00000 ( 1)
  67 N   1.00000 0.00000 0.00000 0.00000 ( 1)
  68 A   1.00000 0.00000 0.00000 0.00000 ( 1)
  69 V   1.00000 0.00000 0.00000 0.00000 ( 1)
  70 Q   1.00000 0.00000 0.00000 0.00000 ( 1)
  71 S   1.00000 0.00000 0.00000 0.00000 ( 1)
  72 I   1.00000 0.00000 0.00000 0.00000 ( 1)
  73 C   1.00000 0.00000 0.00000 0.00000 ( 1)
  74 N   1.00000 0.00000 0.00000 0.00000 ( 1)
  75 A   1.00000 0.00000 0.00000 0.00000 ( 1)
  76 L   1.00000 0.00000 0.00000 0.00000 ( 1)
  77 G   1.00000 0.00000 0.00000 0.00000 ( 1)
  78 V   1.00000 0.00000 0.00000 0.00000 ( 1)
  79 P   1.00000 0.00000 0.00000 0.00000 ( 1)
  80 H   1.00000 0.00000 0.00000 0.00000 ( 1)
  81 I   1.00000 0.00000 0.00000 0.00000 ( 1)
  82 Q   1.00000 0.00000 0.00000 0.00000 ( 1)
  83 T   1.00000 0.00000 0.00000 0.00000 ( 1)
  84 R   1.00000 0.00000 0.00000 0.00000 ( 1)
  85 W   1.00000 0.00000 0.00000 0.00000 ( 1)
  86 K   1.00000 0.00000 0.00000 0.00000 ( 1)
  87 H   1.00000 0.00000 0.00000 0.00000 ( 1)
  88 Q   1.00000 0.00000 0.00000 0.00000 ( 1)
  89 V   1.00000 0.00000 0.00000 0.00000 ( 1)
  90 S   1.00000 0.00000 0.00000 0.00000 ( 1)
  91 D   1.00000 0.00000 0.00000 0.00000 ( 1)
  92 N   1.00000 0.00000 0.00000 0.00000 ( 1)
  93 K   1.00000 0.00000 0.00000 0.00000 ( 1)
  94 D   1.00000 0.00000 0.00000 0.00000 ( 1)
  95 S   1.00000 0.00000 0.00000 0.00000 ( 1)
  96 F   1.00000 0.00000 0.00000 0.00000 ( 1)
  97 Y   1.00000 0.00000 0.00000 0.00000 ( 1)
  98 V   1.00000 0.00000 0.00000 0.00000 ( 1)
  99 S   1.00000 0.00000 0.00000 0.00000 ( 1)
 100 L   1.00000 0.00000 0.00000 0.00000 ( 1)
 101 Y   1.00000 0.00000 0.00000 0.00000 ( 1)
 102 P   1.00000 0.00000 0.00000 0.00000 ( 1)
 103 D   1.00000 0.00000 0.00000 0.00000 ( 1)
 104 F   1.00000 0.00000 0.00000 0.00000 ( 1)
 105 S   1.00000 0.00000 0.00000 0.00000 ( 1)
 106 S   1.00000 0.00000 0.00000 0.00000 ( 1)
 107 L   1.00000 0.00000 0.00000 0.00000 ( 1)
 108 S   1.00000 0.00000 0.00000 0.00000 ( 1)
 109 R   1.00000 0.00000 0.00000 0.00000 ( 1)
 110 A   1.00000 0.00000 0.00000 0.00000 ( 1)
 111 I   1.00000 0.00000 0.00000 0.00000 ( 1)
 112 L   1.00000 0.00000 0.00000 0.00000 ( 1)
 113 D   1.00000 0.00000 0.00000 0.00000 ( 1)
 114 L   1.00000 0.00000 0.00000 0.00000 ( 1)
 115 V   1.00000 0.00000 0.00000 0.00000 ( 1)
 116 Q   1.00000 0.00000 0.00000 0.00000 ( 1)
 117 F   1.00000 0.00000 0.00000 0.00000 ( 1)
 118 F   1.00000 0.00000 0.00000 0.00000 ( 1)
 119 K   1.00000 0.00000 0.00000 0.00000 ( 1)
 120 W   1.00000 0.00000 0.00000 0.00000 ( 1)
 121 K   1.00000 0.00000 0.00000 0.00000 ( 1)
 122 T   1.00000 0.00000 0.00000 0.00000 ( 1)
 123 V   1.00000 0.00000 0.00000 0.00000 ( 1)
 124 T   1.00000 0.00000 0.00000 0.00000 ( 1)
 125 V   1.00000 0.00000 0.00000 0.00000 ( 1)
 126 V   1.00000 0.00000 0.00000 0.00000 ( 1)
 127 Y   1.00000 0.00000 0.00000 0.00000 ( 1)
 128 D   1.00000 0.00000 0.00000 0.00000 ( 1)
 129 D   1.00000 0.00000 0.00000 0.00000 ( 1)
 130 S   1.00000 0.00000 0.00000 0.00000 ( 1)
 131 T   1.00000 0.00000 0.00000 0.00000 ( 1)


lnL = -1407.365064

Bayes Empirical Bayes (BEB) probabilities for 4 classes (class)
(amino acids refer to 1st sequence: homosapiens)

   1 M   0.88251 0.00003 0.11745 0.00001 ( 1)
   2 G   0.88198 0.00056 0.11738 0.00009 ( 1)
   3 A   0.88220 0.00034 0.11741 0.00005 ( 1)
   4 E   0.88233 0.00021 0.11743 0.00003 ( 1)
   5 E   0.88233 0.00021 0.11743 0.00003 ( 1)
   6 L   0.88220 0.00034 0.11741 0.00005 ( 1)
   7 A   0.88220 0.00034 0.11741 0.00005 ( 1)
   8 F   0.88241 0.00013 0.11744 0.00002 ( 1)
   9 R   0.88220 0.00034 0.11741 0.00005 ( 1)
  10 F   0.88242 0.00013 0.11744 0.00002 ( 1)
  11 A   0.88220 0.00034 0.11741 0.00005 ( 1)
  12 V   0.88220 0.00034 0.11741 0.00005 ( 1)
  13 N   0.88241 0.00013 0.11744 0.00002 ( 1)
  14 T   0.88220 0.00034 0.11741 0.00005 ( 1)
  15 I   0.88233 0.00021 0.11743 0.00003 ( 1)
  16 N   0.88242 0.00013 0.11744 0.00002 ( 1)
  17 R   0.88221 0.00033 0.11741 0.00005 ( 1)
  18 N   0.88241 0.00013 0.11744 0.00002 ( 1)
  19 R   0.88222 0.00032 0.11741 0.00005 ( 1)
  20 T   0.88220 0.00034 0.11741 0.00005 ( 1)
  21 L   0.88162 0.00092 0.11732 0.00014 ( 1)
  22 L   0.88147 0.00107 0.11730 0.00016 ( 1)
  23 P   0.88220 0.00034 0.11741 0.00005 ( 1)
  24 N   0.88241 0.00013 0.11744 0.00002 ( 1)
  25 T   0.88220 0.00034 0.11741 0.00005 ( 1)
  26 T   0.88220 0.00034 0.11741 0.00005 ( 1)
  27 L   0.88176 0.00077 0.11734 0.00012 ( 1)
  28 T   0.88220 0.00034 0.11741 0.00005 ( 1)
  29 Y   0.88220 0.00034 0.11741 0.00005 ( 1)
  30 D   0.88241 0.00013 0.11744 0.00002 ( 1)
  31 T   0.88220 0.00034 0.11741 0.00005 ( 1)
  32 Q   0.88208 0.00045 0.11739 0.00007 ( 1)
  33 K   0.88233 0.00021 0.11743 0.00003 ( 1)
  34 I   0.88242 0.00012 0.11744 0.00002 ( 1)
  35 N   0.88240 0.00014 0.11744 0.00002 ( 1)
  36 L   0.88219 0.00035 0.11741 0.00005 ( 1)
  37 Y   0.88220 0.00034 0.11741 0.00005 ( 1)
  38 D   0.88241 0.00013 0.11744 0.00002 ( 1)
  39 S   0.88242 0.00013 0.11744 0.00002 ( 1)
  40 F   0.88242 0.00013 0.11744 0.00002 ( 1)
  41 E   0.88233 0.00021 0.11743 0.00003 ( 1)
  42 A   0.88220 0.00034 0.11741 0.00005 ( 1)
  43 S   0.88219 0.00034 0.11741 0.00005 ( 1)
  44 K   0.88233 0.00021 0.11743 0.00003 ( 1)
  45 K   0.88233 0.00021 0.11743 0.00003 ( 1)
  46 A   0.88220 0.00034 0.11741 0.00005 ( 1)
  47 C   0.88233 0.00021 0.11743 0.00003 ( 1)
  48 D   0.88241 0.00013 0.11744 0.00002 ( 1)
  49 Q   0.88208 0.00045 0.11739 0.00007 ( 1)
  50 L   0.88134 0.00120 0.11728 0.00018 ( 1)
  51 S   0.88220 0.00034 0.11741 0.00005 ( 1)
  52 L   0.88220 0.00034 0.11741 0.00005 ( 1)
  53 G   0.88219 0.00035 0.11741 0.00005 ( 1)
  54 V   0.88220 0.00034 0.11741 0.00005 ( 1)
  55 A   0.88220 0.00034 0.11741 0.00005 ( 1)
  56 A   0.88220 0.00034 0.11741 0.00005 ( 1)
  57 I   0.88233 0.00021 0.11743 0.00003 ( 1)
  58 F   0.88241 0.00013 0.11744 0.00002 ( 1)
  59 G   0.88219 0.00035 0.11741 0.00005 ( 1)
  60 P   0.88220 0.00034 0.11741 0.00005 ( 1)
  61 S   0.88166 0.00088 0.11733 0.00013 ( 1)
  62 H   0.88241 0.00013 0.11744 0.00002 ( 1)
  63 S   0.88241 0.00013 0.11744 0.00002 ( 1)
  64 S   0.88189 0.00065 0.11736 0.00010 ( 1)
  65 S   0.88169 0.00085 0.11733 0.00013 ( 1)
  66 A   0.88220 0.00034 0.11741 0.00005 ( 1)
  67 N   0.88241 0.00013 0.11744 0.00002 ( 1)
  68 A   0.88220 0.00034 0.11741 0.00005 ( 1)
  69 V   0.88220 0.00034 0.11741 0.00005 ( 1)
  70 Q   0.88208 0.00046 0.11739 0.00007 ( 1)
  71 S   0.88218 0.00036 0.11741 0.00005 ( 1)
  72 I   0.88233 0.00021 0.11743 0.00003 ( 1)
  73 C   0.88233 0.00021 0.11743 0.00003 ( 1)
  74 N   0.88242 0.00013 0.11744 0.00002 ( 1)
  75 A   0.88220 0.00034 0.11741 0.00005 ( 1)
  76 L   0.88129 0.00125 0.11727 0.00019 ( 1)
  77 G   0.88216 0.00038 0.11740 0.00006 ( 1)
  78 V   0.88220 0.00034 0.11741 0.00005 ( 1)
  79 P   0.88220 0.00034 0.11741 0.00005 ( 1)
  80 H   0.88241 0.00013 0.11744 0.00002 ( 1)
  81 I   0.88241 0.00013 0.11744 0.00002 ( 1)
  82 Q   0.88208 0.00045 0.11739 0.00007 ( 1)
  83 T   0.88220 0.00034 0.11741 0.00005 ( 1)
  84 R   0.88219 0.00034 0.11741 0.00005 ( 1)
  85 W   0.88209 0.00045 0.11739 0.00007 ( 1)
  86 K   0.88233 0.00021 0.11743 0.00003 ( 1)
  87 H   0.88241 0.00013 0.11744 0.00002 ( 1)
  88 Q   0.88207 0.00047 0.11739 0.00007 ( 1)
  89 V   0.88220 0.00034 0.11741 0.00005 ( 1)
  90 S   0.88168 0.00086 0.11733 0.00013 ( 1)
  91 D   0.88241 0.00013 0.11744 0.00002 ( 1)
  92 N   0.88241 0.00013 0.11744 0.00002 ( 1)
  93 K   0.88233 0.00021 0.11743 0.00003 ( 1)
  94 D   0.88241 0.00013 0.11744 0.00002 ( 1)
  95 S   0.88219 0.00034 0.11741 0.00005 ( 1)
  96 F   0.88242 0.00013 0.11744 0.00002 ( 1)
  97 Y   0.88220 0.00034 0.11741 0.00005 ( 1)
  98 V   0.88220 0.00034 0.11741 0.00005 ( 1)
  99 S   0.88241 0.00013 0.11744 0.00002 ( 1)
 100 L   0.88220 0.00034 0.11741 0.00005 ( 1)
 101 Y   0.88220 0.00034 0.11741 0.00005 ( 1)
 102 P   0.88219 0.00035 0.11741 0.00005 ( 1)
 103 D   0.88242 0.00013 0.11744 0.00002 ( 1)
 104 F   0.88242 0.00013 0.11744 0.00002 ( 1)
 105 S   0.88220 0.00034 0.11741 0.00005 ( 1)
 106 S   0.88183 0.00071 0.11735 0.00011 ( 1)
 107 L   0.88218 0.00036 0.11741 0.00006 ( 1)
 108 S   0.88242 0.00013 0.11744 0.00002 ( 1)
 109 R   0.88219 0.00035 0.11741 0.00005 ( 1)
 110 A   0.88220 0.00034 0.11741 0.00005 ( 1)
 111 I   0.88233 0.00021 0.11743 0.00003 ( 1)
 112 L   0.88153 0.00100 0.11731 0.00015 ( 1)
 113 D   0.88241 0.00013 0.11744 0.00002 ( 1)
 114 L   0.88154 0.00099 0.11731 0.00015 ( 1)
 115 V   0.88220 0.00034 0.11741 0.00005 ( 1)
 116 Q   0.88208 0.00046 0.11739 0.00007 ( 1)
 117 F   0.88241 0.00013 0.11744 0.00002 ( 1)
 118 F   0.88241 0.00013 0.11744 0.00002 ( 1)
 119 K   0.88233 0.00021 0.11743 0.00003 ( 1)
 120 W   0.88209 0.00045 0.11739 0.00007 ( 1)
 121 K   0.88233 0.00021 0.11743 0.00003 ( 1)
 122 T   0.88220 0.00034 0.11741 0.00005 ( 1)
 123 V   0.88220 0.00034 0.11741 0.00005 ( 1)
 124 T   0.88220 0.00034 0.11741 0.00005 ( 1)
 125 V   0.88220 0.00034 0.11741 0.00005 ( 1)
 126 V   0.88220 0.00034 0.11741 0.00005 ( 1)
 127 Y   0.88220 0.00034 0.11741 0.00005 ( 1)
 128 D   0.88241 0.00013 0.11744 0.00002 ( 1)
 129 D   0.88242 0.00013 0.11744 0.00002 ( 1)
 130 S   0.88242 0.00013 0.11744 0.00002 ( 1)
 131 T   0.88220 0.00034 0.11741 0.00005 ( 1)

