

TREE # 1

  0  0.0000   1848.252708  x:  0.07680   0.09507   0.09016   0.10886   0.05735   0.01979   0.05615   0.08602   0.01127   0.10280   0.07054   0.02561   0.01469   0.07861   0.05177   0.08557   0.03326   0.05259   0.08205   0.05749   0.06252   0.10374   0.01884   0.07115   0.07724   0.08422   0.02071   0.01682   0.01940   0.10164   0.10470   0.10895   0.02928   0.04497   0.02749   0.08959   0.09961   0.09006   0.05739   0.04497   0.10735   0.09568   0.07952   0.08372   0.05272   0.07602   0.05122   0.10015   0.01036   0.01059   2.00000   1.45009   0.02206   0.26205   1.57478  
  1 99.0000   1718.658340  x:  0.07805   0.09632   0.09809   0.09745   0.06099   0.01095   0.07537   0.07339   0.00000   0.09003   0.05803   0.01277   0.00974   0.06741   0.03914   0.07417   0.13115   0.04505   0.06886   0.04572   0.06663   0.09132   0.00817   0.06225   0.06660   0.07180   0.01603   0.01721   0.02575   0.08938   0.09628   0.10846   0.02129   0.04546   0.04419   0.08395   0.09373   0.09099   0.09714   0.03635   0.09876   0.08791   0.08138   0.08774   0.04995   0.06426   0.04162   0.08855   0.00775   0.15328   2.00220   1.45143   0.02077   0.20796   1.57476  
  2 1585.5939   1669.685995  x:  0.07611   0.09438   0.09684   0.08846   0.06310   0.00418   0.08569   0.06338   0.00000   0.07987   0.04807   0.00262   0.00877   0.05885   0.02912   0.06418   0.13931   0.03729   0.05788   0.03728   0.07005   0.08127   0.00000   0.05631   0.05896   0.06192   0.01359   0.01404   0.02976   0.07962   0.09011   0.10810   0.01629   0.04638   0.04983   0.07953   0.08902   0.09199   0.11388   0.02897   0.09127   0.08190   0.08343   0.09234   0.04591   0.05532   0.03432   0.07897   0.00327   0.14690   2.00368   1.45249   0.01975   0.15882   1.57475  
  3 857.8400   1656.635003  x:  0.07582   0.09409   0.09681   0.08619   0.06370   0.00267   0.08795   0.06079   0.00000   0.07723   0.04550   0.00000   0.00956   0.05677   0.02654   0.06159   0.14123   0.03544   0.05496   0.03532   0.07092   0.07859   0.00000   0.05513   0.05726   0.05928   0.01306   0.01311   0.03073   0.07710   0.08873   0.10814   0.01552   0.04674   0.05094   0.07847   0.08786   0.09234   0.11741   0.02702   0.08923   0.08041   0.08412   0.09375   0.04466   0.05313   0.03263   0.07640   0.00210   0.14559   2.00403   1.45293   0.01932   0.14441   1.57474  
  4 42784.1514   1637.654304  x:  0.07519   0.09346   0.09656   0.08255   0.06448   0.00000   0.09141   0.05669   0.00000   0.07307   0.04150   0.00000   0.01367   0.05343   0.02237   0.05751   0.14430   0.03230   0.05044   0.03208   0.07233   0.07430   0.00000   0.05317   0.05447   0.05507   0.01158   0.01151   0.03216   0.07311   0.08634   0.10802   0.01406   0.04723   0.05251   0.07669   0.08594   0.09277   0.12268   0.02395   0.08608   0.07800   0.08505   0.09581   0.04277   0.04955   0.02974   0.07243   0.00027   0.14356   2.00463   1.45345   0.01882   0.12413   1.57474  
  5 42632.6465   1635.240807  x:  0.07511   0.09338   0.09657   0.08195   0.06458   0.00000   0.09170   0.05602   0.00000   0.07236   0.04085   0.00000   0.01390   0.05288   0.02183   0.05683   0.14461   0.03187   0.04974   0.03150   0.07238   0.07350   0.00000   0.05308   0.05418   0.05426   0.01176   0.01118   0.03233   0.07244   0.08595   0.10798   0.01431   0.04737   0.05249   0.07640   0.08560   0.09282   0.12290   0.02340   0.08553   0.07759   0.08522   0.09617   0.04236   0.04899   0.02936   0.07176   0.00000   0.14342   2.00474   1.45353   0.01874   0.12177   1.57474  
  6 3873.7976   1540.374247  x:  0.07391   0.09218   0.09921   0.05893   0.06885   0.00000   0.10155   0.02905   0.00000   0.04425   0.01544   0.00000   0.02220   0.03296   0.00299   0.02971   0.15433   0.01859   0.02144   0.01219   0.07516   0.04155   0.00000   0.05215   0.04556   0.02098   0.00677   0.00000   0.03999   0.04583   0.07336   0.10775   0.01405   0.05104   0.05437   0.06609   0.07340   0.09538   0.13340   0.00127   0.06258   0.06204   0.09301   0.11125   0.02483   0.02900   0.01834   0.04415   0.00000   0.13864   2.00913   1.45889   0.01343   0.02698   1.57471  
  7 28225.0229   1534.974861  x:  0.07384   0.09211   0.09933   0.05762   0.06907   0.00000   0.10219   0.02752   0.00000   0.04264   0.01398   0.00000   0.02277   0.03186   0.00199   0.02816   0.15492   0.01789   0.01982   0.01129   0.07536   0.03972   0.00000   0.05208   0.04508   0.01907   0.00675   0.00000   0.04045   0.04431   0.07267   0.10775   0.01402   0.05126   0.05455   0.06551   0.07271   0.09554   0.13414   0.00000   0.06126   0.06115   0.09346   0.11210   0.02382   0.02791   0.01776   0.04260   0.00000   0.13833   2.00938   1.45923   0.01310   0.02156   1.57471  
  8 239749.2120   1518.807301  x:  0.07330   0.09157   0.09946   0.05331   0.07013   0.00000   0.10408   0.02250   0.00000   0.03746   0.00927   0.00000   0.02400   0.02818   0.00000   0.02321   0.15724   0.01562   0.01474   0.01168   0.07599   0.03390   0.00000   0.05137   0.04298   0.01305   0.00509   0.00000   0.04167   0.03937   0.06994   0.10747   0.01502   0.05220   0.05459   0.06332   0.07024   0.09594   0.13581   0.00000   0.05724   0.05824   0.09468   0.11468   0.02075   0.02442   0.01552   0.03767   0.00000   0.13722   2.01023   1.45992   0.01242   0.00517   1.57471  
  9 21404.5543   1513.670673  x:  0.07303   0.09130   0.09965   0.05179   0.07091   0.00000   0.10420   0.02079   0.00000   0.03560   0.00767   0.00000   0.02430   0.02697   0.00000   0.02148   0.15803   0.01511   0.01291   0.01206   0.07626   0.03183   0.00000   0.05102   0.04204   0.01101   0.00518   0.00000   0.04194   0.03758   0.06876   0.10726   0.01418   0.05237   0.05449   0.06244   0.06927   0.09607   0.13565   0.00000   0.05601   0.05737   0.09498   0.11545   0.01985   0.02337   0.01527   0.03578   0.00000   0.13692   2.01056   1.45993   0.01241   0.00000   1.57471  
 10 10228.0339   1504.475464  x:  0.07405   0.09232   0.10277   0.04640   0.07625   0.00000   0.10545   0.01283   0.00000   0.02658   0.00000   0.00000   0.02496   0.02672   0.00000   0.01376   0.16146   0.01953   0.00182   0.01095   0.07972   0.02224   0.00000   0.05051   0.03981   0.00221   0.00330   0.00000   0.04529   0.02900   0.06701   0.10866   0.01849   0.05518   0.05726   0.05994   0.06607   0.09887   0.13805   0.00000   0.05075   0.05575   0.09781   0.12015   0.01569   0.02521   0.01952   0.02604   0.00000   0.13440   2.01179   1.46249   0.00982   0.00000   1.57474  
 11 692.4880   1503.150950  x:  0.07443   0.09270   0.10344   0.04585   0.07663   0.00000   0.10542   0.01172   0.00000   0.02522   0.00000   0.00000   0.02492   0.02695   0.00000   0.01258   0.16150   0.01944   0.00000   0.01108   0.07993   0.02081   0.00000   0.05074   0.03994   0.00095   0.00332   0.00000   0.04575   0.02771   0.06740   0.10902   0.01882   0.05530   0.05757   0.05969   0.06569   0.09927   0.13856   0.00000   0.04979   0.05557   0.09828   0.12082   0.01479   0.02552   0.01906   0.02440   0.00000   0.13426   2.01193   1.46320   0.00911   0.00000   1.57475  
 12 1243.5169   1502.291792  x:  0.07465   0.09292   0.10383   0.04550   0.07678   0.00000   0.10543   0.01088   0.00000   0.02419   0.00000   0.00000   0.02488   0.02709   0.00000   0.01169   0.16153   0.01940   0.00000   0.01113   0.08004   0.01973   0.00000   0.05085   0.04003   0.00000   0.00332   0.00000   0.04607   0.02674   0.06781   0.10924   0.01906   0.05535   0.05769   0.05941   0.06533   0.09948   0.13892   0.00000   0.04894   0.05540   0.09854   0.12122   0.01395   0.02569   0.01894   0.02316   0.00000   0.13418   2.01204   1.46379   0.00850   0.00000   1.57476  
 13 11469.3215   1493.078489  x:  0.07813   0.09640   0.10929   0.04068   0.07667   0.00000   0.10677   0.00000   0.00000   0.01113   0.00000   0.00000   0.02411   0.02959   0.00000   0.00008   0.16229   0.01410   0.00000   0.01281   0.08175   0.00603   0.00000   0.05234   0.04227   0.00000   0.00315   0.00000   0.04704   0.01451   0.07241   0.11250   0.02238   0.05520   0.05670   0.05825   0.06315   0.10246   0.14466   0.00000   0.04100   0.05418   0.10158   0.12551   0.00569   0.02779   0.02168   0.00767   0.00000   0.13287   2.01335   1.47082   0.00103   0.00000   1.57503  
 14 3781.6085   1493.028970  x:  0.07815   0.09642   0.10932   0.04065   0.07665   0.00000   0.10678   0.00000   0.00000   0.01104   0.00000   0.00000   0.02411   0.02960   0.00000   0.00000   0.16230   0.01413   0.00000   0.01282   0.08176   0.00594   0.00000   0.05235   0.04229   0.00000   0.00315   0.00000   0.04702   0.01443   0.07242   0.11252   0.02240   0.05519   0.05668   0.05827   0.06316   0.10247   0.14470   0.00000   0.04097   0.05417   0.10159   0.12552   0.00565   0.02778   0.02167   0.00757   0.00000   0.13286   2.01335   1.47086   0.00098   0.00000   1.57503  
 15 1420.4880   1490.376567  x:  0.07904   0.09731   0.11057   0.03957   0.07574   0.00000   0.10735   0.00000   0.00000   0.00539   0.00000   0.00000   0.02385   0.03019   0.00000   0.00000   0.16249   0.01441   0.00000   0.01278   0.08191   0.00000   0.00000   0.05238   0.04283   0.00000   0.00320   0.00000   0.04622   0.00936   0.07235   0.11351   0.02337   0.05511   0.05716   0.06050   0.06522   0.10283   0.14602   0.00000   0.03896   0.05371   0.10192   0.12594   0.00279   0.02822   0.02151   0.00101   0.00000   0.13250   2.01382   1.47399  -0.00259   0.00000   1.57529  
 16 3137.6571   1490.054718  x:  0.07919   0.09746   0.11078   0.03938   0.07555   0.00000   0.10744   0.00000   0.00000   0.00453   0.00000   0.00000   0.02381   0.03026   0.00000   0.00000   0.16253   0.01444   0.00000   0.01277   0.08193   0.00000   0.00000   0.05237   0.04291   0.00000   0.00321   0.00000   0.04617   0.00859   0.07241   0.11368   0.02353   0.05510   0.05731   0.06081   0.06551   0.10288   0.14618   0.00000   0.03872   0.05365   0.10195   0.12597   0.00240   0.02827   0.02150   0.00000   0.00000   0.13244   2.01390   1.47444  -0.00311   0.00000   1.57533  
 17 16486.2942   1489.139849  x:  0.07953   0.09780   0.11108   0.03944   0.07615   0.00000   0.10805   0.00000   0.00000   0.00000   0.00000   0.00000   0.02366   0.03098   0.00000   0.00000   0.16249   0.01442   0.00000   0.01223   0.08212   0.00000   0.00000   0.05251   0.04313   0.00000   0.00318   0.00000   0.04617   0.00447   0.07309   0.11408   0.02365   0.05540   0.05647   0.06118   0.06592   0.10276   0.14707   0.00000   0.03900   0.05358   0.10201   0.12594   0.00171   0.02945   0.02090   0.00000   0.00000   0.13236   2.01416   1.47633  -0.00548   0.00000   1.57559  
 18 345.9919   1488.565402  x:  0.07970   0.09797   0.11109   0.03987   0.07641   0.00000   0.10797   0.00000   0.00000   0.00000   0.00000   0.00000   0.02350   0.03095   0.00000   0.00000   0.16214   0.01447   0.00000   0.01223   0.08199   0.00000   0.00000   0.05299   0.04331   0.00000   0.00319   0.00000   0.04599   0.00000   0.07322   0.11424   0.02392   0.05521   0.05677   0.06125   0.06591   0.10281   0.14777   0.00000   0.03942   0.05341   0.10245   0.12652   0.00169   0.02914   0.02086   0.00000   0.00000   0.13246   2.01428   1.47831  -0.00799   0.00000   1.57589  
 19 256.8534   1484.134881  x:  0.08425   0.10252   0.11768   0.03241   0.07281   0.00000   0.11114   0.00000   0.00000   0.00000   0.00000   0.00000   0.01956   0.02700   0.00000   0.00000   0.16643   0.01416   0.00000   0.01304   0.08670   0.00000   0.00000   0.05209   0.04270   0.00000   0.00312   0.00000   0.05532   0.00000   0.06779   0.11773   0.02086   0.05743   0.05242   0.06469   0.06499   0.10805   0.14578   0.00000   0.04384   0.05041   0.10615   0.13201   0.00000   0.02641   0.01812   0.00000   0.00000   0.12913   2.01537   1.50899  -0.04698   0.00000   1.58047  
 20 143.7377   1479.270889  x:  0.08877   0.10703   0.13464   0.00474   0.07727   0.00000   0.11059   0.00000   0.00000   0.00000   0.00000   0.00000   0.01658   0.02461   0.00000   0.00000   0.17328   0.01129   0.00000   0.00964   0.08661   0.00000   0.00000   0.04346   0.03607   0.00000   0.00357   0.00000   0.03558   0.00000   0.06675   0.12222   0.01948   0.06026   0.05904   0.05967   0.05917   0.10990   0.14288   0.00000   0.03298   0.04261   0.10285   0.12983   0.00000   0.03193   0.01364   0.00000   0.00000   0.12304   2.01737   1.54398  -0.09145   0.00000   1.58569  
 21 168.3882   1477.518141  x:  0.09125   0.10951   0.14460   0.00000   0.07866   0.00000   0.11091   0.00000   0.00000   0.00000   0.00000   0.00000   0.01552   0.02301   0.00000   0.00000   0.17755   0.00995   0.00000   0.00846   0.08671   0.00000   0.00000   0.03870   0.03258   0.00000   0.00381   0.00000   0.02759   0.00000   0.06619   0.12480   0.01932   0.06166   0.06135   0.05726   0.05658   0.11097   0.14153   0.00000   0.02579   0.03885   0.10085   0.12825   0.00000   0.03390   0.01155   0.00000   0.00932   0.11947   2.01860   1.55758  -0.10878   0.00000   1.58775  
 22 422.5332   1477.518141  x:  0.09125   0.10951   0.14460   0.00000   0.07866   0.00000   0.11091   0.00000   0.00000   0.00000   0.00000   0.00000   0.01552   0.02301   0.00000   0.00000   0.17755   0.00995   0.00000   0.00846   0.08671   0.00000   0.00000   0.03870   0.03258   0.00000   0.00381   0.00000   0.02759   0.00000   0.06619   0.12480   0.01932   0.06166   0.06135   0.05726   0.05658   0.11097   0.14153   0.00000   0.02579   0.03885   0.10085   0.12825   0.00000   0.03390   0.01155   0.00000   0.00932   0.11947   2.01860   1.55758  -0.10878   0.00000   1.58775  
 23 118.0293   1462.333602  x:  0.08992   0.10818   0.14333   0.00686   0.08151   0.00000   0.13172   0.00000   0.00000   0.00000   0.00000   0.00000   0.00807   0.01006   0.00000   0.00000   0.20688   0.01370   0.00000   0.01761   0.09263   0.00000   0.00000   0.03571   0.02460   0.00000   0.05698   0.00000   0.05424   0.00000   0.05921   0.12489   0.00855   0.06076   0.07312   0.05205   0.05162   0.11291   0.18339   0.00000   0.00000   0.02793   0.10877   0.14152   0.00000   0.01611   0.01128   0.00000   0.01521   0.14362   2.02117   1.56803  -0.11923   0.00000   1.58775  
 24 320.8666   1455.645653  x:  0.08875   0.10700   0.14192   0.00000   0.08284   0.00000   0.14299   0.00000   0.00000   0.00000   0.00000   0.00000   0.01348   0.01080   0.00000   0.00000   0.22442   0.01129   0.00000   0.01287   0.09585   0.00000   0.00000   0.03463   0.02227   0.00000   0.05090   0.00000   0.06308   0.00000   0.05820   0.12500   0.00774   0.06083   0.07909   0.04488   0.04456   0.11380   0.20579   0.00000   0.00000   0.02342   0.11324   0.14934   0.00000   0.00873   0.01134   0.00000   0.00800   0.15763   2.02299   1.57529  -0.12650   0.00000   1.58775  
 25 290.5496   1439.470028  x:  0.08337   0.10163   0.13491   0.02135   0.08671   0.00000   0.18414   0.00000   0.00000   0.00000   0.00000   0.00000   0.00942   0.01143   0.00000   0.00000   0.29187   0.00915   0.00000   0.00142   0.10713   0.00000   0.00000   0.03201   0.01932   0.00000   0.00555   0.00000   0.09355   0.00000   0.06299   0.12548   0.01121   0.06148   0.09961   0.00720   0.00727   0.11656   0.28835   0.00000   0.00000   0.01452   0.12944   0.17880   0.00000   0.01525   0.01122   0.00000   0.02654   0.21060   2.03081   1.60637  -0.15757   0.00000   1.58775  
 26 630.1338   1438.506739  x:  0.08296   0.10122   0.13437   0.02245   0.08694   0.00000   0.18700   0.00000   0.00000   0.00000   0.00000   0.00000   0.00932   0.01162   0.00000   0.00000   0.29666   0.00903   0.00000   0.00338   0.10790   0.00000   0.00000   0.03187   0.01925   0.00000   0.00211   0.00000   0.09557   0.00000   0.06355   0.12551   0.01151   0.06153   0.10100   0.00411   0.00420   0.11673   0.29414   0.00000   0.00000   0.01420   0.13055   0.18087   0.00000   0.01574   0.01121   0.00000   0.02744   0.21434   2.03138   1.60866  -0.15986   0.00000   1.58775  
 27 2493.7285   1437.344714  x:  0.08257   0.10083   0.13376   0.02251   0.08690   0.00000   0.18857   0.00000   0.00000   0.00000   0.00000   0.00000   0.00983   0.01274   0.00000   0.00000   0.29990   0.00895   0.00000   0.00344   0.10823   0.00000   0.00000   0.03202   0.02000   0.00000   0.00220   0.00000   0.09577   0.00000   0.06511   0.12553   0.01247   0.06162   0.10153   0.00000   0.00011   0.11673   0.29747   0.00000   0.00000   0.01543   0.13114   0.18215   0.00000   0.01746   0.01121   0.00000   0.02736   0.21673   2.03189   1.61063  -0.16183   0.00000   1.58775  
 28 400.8951   1437.329843  x:  0.08256   0.10082   0.13374   0.02251   0.08690   0.00000   0.18860   0.00000   0.00000   0.00000   0.00000   0.00000   0.00982   0.01274   0.00000   0.00000   0.29996   0.00895   0.00000   0.00344   0.10823   0.00000   0.00000   0.03202   0.02000   0.00000   0.00219   0.00000   0.09576   0.00000   0.06514   0.12553   0.01248   0.06162   0.10154   0.00000   0.00000   0.11673   0.29752   0.00000   0.00000   0.01543   0.13114   0.18217   0.00000   0.01748   0.01121   0.00000   0.02735   0.21677   2.03190   1.61066  -0.16187   0.00000   1.58775  
 29 939.9809   1436.815686  x:  0.08111   0.09937   0.13101   0.02365   0.08592   0.00000   0.19116   0.00000   0.00000   0.00000   0.00000   0.00000   0.01173   0.01347   0.00000   0.00000   0.30863   0.00469   0.00000   0.00396   0.10826   0.00000   0.00000   0.03220   0.01900   0.00000   0.00293   0.00000   0.09109   0.00000   0.06941   0.12510   0.01408   0.06158   0.10098   0.00000   0.00000   0.11620   0.30408   0.00000   0.00000   0.01128   0.13182   0.18490   0.00000   0.02083   0.01123   0.00000   0.02788   0.22252   2.03394   1.61827  -0.16947   0.00000   1.58775  
 30 176.1367   1436.187334  x:  0.07881   0.09707   0.12616   0.02630   0.08376   0.00000   0.19267   0.00000   0.00000   0.00000   0.00000   0.00000   0.01797   0.01400   0.00000   0.00000   0.32009   0.00982   0.00000   0.00448   0.10733   0.00000   0.00000   0.03164   0.01456   0.00000   0.00360   0.00000   0.07915   0.00000   0.07264   0.12382   0.01468   0.06116   0.09799   0.00000   0.00000   0.11493   0.31006   0.00000   0.00000   0.00860   0.13165   0.18762   0.00000   0.02183   0.01127   0.00000   0.02946   0.22939   2.03753   1.63137  -0.18257   0.00000   1.58775  
 31 153.5647   1435.270520  x:  0.07550   0.09376   0.11854   0.03013   0.08011   0.00000   0.19319   0.00000   0.00000   0.00000   0.00000   0.00000   0.02164   0.01011   0.00000   0.00000   0.33555   0.00824   0.00000   0.00455   0.10518   0.00000   0.00000   0.03041   0.01091   0.00000   0.00351   0.00000   0.06148   0.00000   0.07449   0.12140   0.01166   0.06000   0.09216   0.00000   0.00000   0.11278   0.31641   0.00000   0.00000   0.01600   0.13040   0.19033   0.00000   0.01736   0.01111   0.00000   0.03156   0.23806   2.04329   1.65213  -0.20333   0.00000   1.58775  
 32 240.2263   1434.608561  x:  0.07324   0.09150   0.11222   0.03246   0.07697   0.00000   0.19095   0.00000   0.00000   0.00000   0.00000   0.00000   0.02162   0.01083   0.00000   0.00000   0.34488   0.00878   0.00000   0.00483   0.10264   0.00000   0.00000   0.02970   0.02132   0.00000   0.00389   0.00000   0.05099   0.00000   0.07280   0.11904   0.00940   0.05902   0.08618   0.00000   0.00000   0.11094   0.31688   0.00000   0.00000   0.01575   0.12806   0.19041   0.00000   0.01237   0.01094   0.00000   0.03237   0.24225   2.04847   1.67040  -0.22160   0.00000   1.58775  
 33 158.0319   1431.717454  x:  0.06760   0.08585   0.08998   0.02971   0.06627   0.00000   0.17214   0.00000   0.00000   0.00000   0.00000   0.00000   0.00471   0.02066   0.00000   0.00000   0.36406   0.00940   0.00000   0.00568   0.09080   0.00000   0.00000   0.03141   0.01798   0.00000   0.00554   0.00000   0.05411   0.00000   0.06318   0.11023   0.01341   0.05660   0.06307   0.00000   0.00000   0.10461   0.29932   0.00000   0.00000   0.01643   0.11456   0.18142   0.00000   0.01476   0.01067   0.00000   0.02370   0.24477   2.06973   1.74376  -0.29496   0.00000   1.58775  
 34 111.2152   1429.268073  x:  0.06329   0.08154   0.06817   0.03152   0.05839   0.00000   0.15116   0.00000   0.00000   0.00000   0.00000   0.00000   0.01569   0.01009   0.00000   0.00000   0.38240   0.01000   0.00000   0.00560   0.08006   0.00000   0.00000   0.03283   0.02256   0.00000   0.00566   0.00000   0.07566   0.00000   0.06474   0.10175   0.00894   0.05327   0.04894   0.00000   0.00000   0.09799   0.27862   0.00000   0.00000   0.01878   0.10034   0.16922   0.00000   0.02270   0.00962   0.00000   0.01813   0.24520   2.09642   1.83527  -0.38646   0.00000   1.58775  
 35 302.7676   1425.207822  x:  0.06787   0.08611   0.06285   0.03519   0.07052   0.00000   0.12385   0.00000   0.00000   0.00000   0.00000   0.00000   0.01120   0.00926   0.00000   0.00000   0.38914   0.01140   0.00000   0.00646   0.07971   0.00000   0.00000   0.02232   0.02417   0.00000   0.00759   0.00000   0.08523   0.00000   0.08809   0.09729   0.01367   0.05170   0.09073   0.00000   0.00000   0.08991   0.23491   0.00000   0.00000   0.02211   0.09070   0.14433   0.00000   0.01495   0.01530   0.00000   0.00962   0.23175   2.14688   2.00522  -0.55641   0.00000   1.58776  
 36 202.6558   1424.137723  x:  0.06920   0.08744   0.06843   0.03527   0.07267   0.00000   0.12510   0.00000   0.00000   0.00000   0.00000   0.00000   0.01025   0.01153   0.00000   0.00000   0.38457   0.01160   0.00000   0.00660   0.08212   0.00000   0.00000   0.02864   0.02397   0.00000   0.00792   0.00000   0.08522   0.00000   0.08960   0.09733   0.00800   0.05092   0.09412   0.00000   0.00000   0.09007   0.22942   0.00000   0.00000   0.02265   0.09342   0.14127   0.00000   0.01653   0.00548   0.00000   0.00773   0.22665   2.15829   2.04236  -0.59355   0.00000   1.58776  
 37 204.1462   1422.933717  x:  0.07059   0.08882   0.08106   0.03461   0.07408   0.00000   0.13336   0.00000   0.00000   0.00000   0.00000   0.00000   0.00947   0.01202   0.00000   0.00000   0.37204   0.01198   0.00000   0.00684   0.08676   0.00000   0.00000   0.03825   0.02449   0.00000   0.00840   0.00000   0.08439   0.00000   0.08769   0.09817   0.00174   0.05007   0.09171   0.00000   0.00000   0.09191   0.22611   0.00000   0.00000   0.02356   0.10080   0.13951   0.00000   0.02106   0.01265   0.00000   0.00490   0.21720   2.17540   2.09673  -0.64791   0.00000   1.58776  
 38 294.9871   1421.595714  x:  0.07155   0.08978   0.09860   0.03432   0.07460   0.00000   0.14705   0.00000   0.00000   0.00000   0.00000   0.00000   0.00961   0.00600   0.00000   0.00000   0.35253   0.01282   0.00000   0.00734   0.09262   0.00000   0.00000   0.04672   0.02657   0.00000   0.00925   0.00000   0.08389   0.00000   0.08243   0.09995   0.01194   0.05011   0.08501   0.00000   0.00000   0.09478   0.22558   0.00000   0.00000   0.02527   0.11118   0.13884   0.00000   0.02271   0.01452   0.00000   0.00202   0.20400   2.19867   2.16985  -0.72103   0.00000   1.58776  
 39 652.0928   1419.933284  x:  0.06738   0.08561   0.11380   0.03747   0.07005   0.00000   0.16594   0.00000   0.00000   0.00000   0.00000   0.00000   0.01197   0.01801   0.00000   0.00000   0.32326   0.01268   0.00000   0.00732   0.09434   0.00000   0.00000   0.02670   0.02647   0.00000   0.00918   0.00000   0.08995   0.00000   0.08056   0.10182   0.01285   0.04905   0.07348   0.00000   0.00000   0.09686   0.24032   0.00000   0.00000   0.02793   0.11889   0.14412   0.00000   0.02061   0.01329   0.00000   0.00283   0.18915   2.22806   2.25940  -0.81058   0.00000   1.58777  
 40 239.0811   1419.211569  x:  0.06337   0.08160   0.11519   0.03417   0.06725   0.00000   0.16769   0.00000   0.00000   0.00000   0.00000   0.00000   0.00993   0.01279   0.00000   0.00000   0.29977   0.01294   0.00000   0.00744   0.08992   0.00000   0.00000   0.01870   0.02715   0.00000   0.00949   0.00000   0.08676   0.00000   0.07978   0.10213   0.01028   0.04936   0.07466   0.00000   0.00000   0.09515   0.24833   0.00000   0.00000   0.02731   0.11481   0.14743   0.00000   0.02675   0.01126   0.00000   0.00000   0.18090   2.23817   2.28605  -0.83722   0.00000   1.58777  
 41 85.0168   1416.855849  x:  0.05584   0.07407   0.10922   0.00866   0.06218   0.00000   0.16578   0.00000   0.00000   0.00000   0.00000   0.00000   0.00981   0.01389   0.00000   0.00000   0.26478   0.01266   0.00000   0.00722   0.07999   0.00000   0.00000   0.02830   0.02617   0.00000   0.00920   0.00000   0.08638   0.00000   0.08404   0.10149   0.01094   0.04988   0.07958   0.00000   0.00000   0.09036   0.26678   0.00000   0.00000   0.02689   0.10294   0.15343   0.00000   0.02157   0.01220   0.00000   0.00000   0.17316   2.25400   2.32562  -0.87679   0.00000   1.58777  
 42 120.2332   1416.428277  x:  0.06359   0.08182   0.10379   0.00493   0.06773   0.00000   0.15936   0.00000   0.00000   0.00000   0.00000   0.00000   0.00935   0.01306   0.00000   0.00000   0.25655   0.01226   0.00000   0.00697   0.08786   0.00000   0.00000   0.02636   0.02533   0.00000   0.00876   0.00000   0.08567   0.00000   0.08362   0.09829   0.01057   0.04882   0.07283   0.00000   0.00000   0.09075   0.26976   0.00000   0.00000   0.02580   0.10456   0.15074   0.00000   0.01893   0.01188   0.00000   0.00000   0.18162   2.26265   2.34129  -0.89246   0.00000   1.58777  
 43 20.0651   1416.105184  x:  0.06945   0.08767   0.09889   0.00313   0.07182   0.00000   0.15393   0.00000   0.00000   0.00000   0.00000   0.00000   0.00893   0.01237   0.00000   0.00000   0.24703   0.01189   0.00000   0.00673   0.09361   0.00000   0.00000   0.02527   0.02452   0.00000   0.00836   0.00000   0.08500   0.00000   0.08329   0.09562   0.01026   0.04806   0.06760   0.00000   0.00000   0.09081   0.27355   0.00000   0.00000   0.02480   0.10524   0.14888   0.00000   0.01633   0.01165   0.00000   0.00615   0.18821   2.27140   2.35789  -0.90906   0.00000   1.58777  
 44 493.1671   1414.873679  x:  0.06638   0.08460   0.08986   0.00563   0.05798   0.00000   0.15134   0.00000   0.00000   0.00000   0.00000   0.00000   0.00944   0.01102   0.00000   0.00000   0.23577   0.01011   0.00000   0.00566   0.08567   0.00000   0.00000   0.02553   0.02158   0.00000   0.00627   0.00000   0.08322   0.00000   0.05792   0.09715   0.00896   0.05115   0.07741   0.00000   0.00000   0.09463   0.27684   0.00000   0.00000   0.02097   0.11379   0.14232   0.00000   0.00888   0.01100   0.00000   0.00325   0.20220   2.31410   2.43606  -0.98723   0.00000   1.58777  
 45 37.4318   1414.566554  x:  0.06302   0.08124   0.09329   0.00423   0.06763   0.00000   0.15526   0.00000   0.00000   0.00000   0.00000   0.00000   0.00940   0.01030   0.00000   0.00000   0.24434   0.00957   0.00000   0.00533   0.08398   0.00000   0.00000   0.02463   0.02066   0.00000   0.00567   0.00000   0.08338   0.00000   0.05300   0.09771   0.00894   0.04523   0.07500   0.00000   0.00000   0.09167   0.27336   0.00000   0.00000   0.01970   0.10789   0.14280   0.00000   0.00597   0.01078   0.00000   0.00458   0.19764   2.32530   2.45125  -1.00241   0.00000   1.58778  
 46 29.2553   1414.515904  x:  0.06436   0.08258   0.09448   0.00272   0.06777   0.00000   0.15537   0.00000   0.00000   0.00000   0.00000   0.00000   0.00965   0.01037   0.00000   0.00000   0.25041   0.00952   0.00000   0.00531   0.08629   0.00000   0.00000   0.02409   0.02069   0.00000   0.00559   0.00000   0.08309   0.00000   0.04950   0.09659   0.00880   0.04770   0.07580   0.00000   0.00000   0.09086   0.27360   0.00000   0.00000   0.01967   0.10529   0.14302   0.00000   0.00680   0.01074   0.00000   0.00614   0.19579   2.32762   2.45154  -1.00270   0.00000   1.58778  
 47 13.8922   1414.490118  x:  0.06555   0.08377   0.09581   0.00245   0.06519   0.00000   0.15503   0.00000   0.00000   0.00000   0.00000   0.00000   0.00954   0.01018   0.00000   0.00000   0.25277   0.00946   0.00000   0.00527   0.08762   0.00000   0.00000   0.02392   0.02053   0.00000   0.00553   0.00000   0.08324   0.00000   0.05075   0.09598   0.00862   0.04911   0.07510   0.00000   0.00000   0.09089   0.27358   0.00000   0.00000   0.01948   0.10409   0.14328   0.00000   0.00595   0.01068   0.00000   0.00640   0.19250   2.33010   2.45153  -1.00269   0.00000   1.58778  
 48  9.8048   1414.464733  x:  0.06708   0.08530   0.09557   0.00242   0.06340   0.00000   0.15346   0.00000   0.00000   0.00000   0.00000   0.00000   0.00955   0.01017   0.00000   0.00000   0.25452   0.00943   0.00000   0.00526   0.08769   0.00000   0.00000   0.02402   0.02050   0.00000   0.00551   0.00000   0.08296   0.00000   0.05031   0.09536   0.00890   0.04555   0.07577   0.00000   0.00000   0.09145   0.27616   0.00000   0.00000   0.01944   0.10447   0.14321   0.00000   0.00617   0.01070   0.00000   0.00644   0.18879   2.33577   2.45210  -1.00326   0.00000   1.58778  
 49  5.8597   1414.387858  x:  0.06775   0.08596   0.09256   0.00409   0.06706   0.00000   0.14944   0.00000   0.00000   0.00000   0.00000   0.00000   0.00950   0.01011   0.00000   0.00000   0.25507   0.00939   0.00000   0.00526   0.08419   0.00000   0.00000   0.02493   0.02039   0.00000   0.00549   0.00000   0.08241   0.00000   0.05043   0.09499   0.00865   0.04841   0.07530   0.00000   0.00000   0.09225   0.28458   0.00000   0.00000   0.01936   0.10735   0.14241   0.00000   0.00611   0.01071   0.00000   0.00475   0.18022   2.36017   2.45569  -1.00684   0.00000   1.58778  
 50  8.9235   1413.598618  x:  0.05587   0.07398   0.09138   0.00688   0.06465   0.00000   0.14656   0.00000   0.00000   0.00000   0.00000   0.00000   0.00854   0.00905   0.00000   0.00000   0.26210   0.00943   0.00000   0.00560   0.09953   0.00000   0.00000   0.02638   0.02025   0.00000   0.00592   0.00000   0.08349   0.00000   0.05363   0.10475   0.00781   0.04731   0.07584   0.00000   0.00000   0.08429   0.30463   0.00000   0.00000   0.01957   0.10126   0.13240   0.00000   0.00666   0.01032   0.00000   0.00191   0.18738   2.63094   2.45161  -1.00264   0.00000   1.58787  
 51 15.8960   1412.799355  x:  0.06406   0.08206   0.09525   0.00405   0.06479   0.00000   0.15637   0.00000   0.00000   0.00000   0.00000   0.00000   0.00786   0.00784   0.00000   0.00000   0.27979   0.00957   0.00000   0.00603   0.08052   0.00000   0.00000   0.02496   0.02041   0.00000   0.00648   0.00000   0.08561   0.00000   0.05879   0.09661   0.00717   0.04751   0.07691   0.00000   0.00000   0.09085   0.30500   0.00000   0.00000   0.01998   0.09914   0.14337   0.00000   0.00727   0.00954   0.00000   0.00481   0.20761   2.89418   2.43443  -0.98534   0.00000   1.58795  
 52 114.8646   1412.746142  x:  0.06311   0.08110   0.08971   0.00380   0.06487   0.00000   0.15879   0.00000   0.00000   0.00000   0.00000   0.00000   0.00769   0.00766   0.00000   0.00000   0.28063   0.00960   0.00000   0.00608   0.08351   0.00000   0.00000   0.02500   0.02044   0.00000   0.00656   0.00000   0.08619   0.00000   0.05884   0.09284   0.00713   0.04735   0.07816   0.00000   0.00000   0.08965   0.30200   0.00000   0.00000   0.02003   0.10270   0.15008   0.00000   0.00718   0.00941   0.00000   0.00506   0.20642   2.90864   2.43377  -0.98467   0.00000   1.58795  
 53 12.7523   1412.714299  x:  0.06507   0.08305   0.08550   0.00432   0.06467   0.00000   0.16147   0.00000   0.00000   0.00000   0.00000   0.00000   0.00761   0.00762   0.00000   0.00000   0.28016   0.00959   0.00000   0.00610   0.08360   0.00000   0.00000   0.02532   0.02039   0.00000   0.00659   0.00000   0.08606   0.00000   0.05856   0.09883   0.00690   0.04746   0.07829   0.00000   0.00000   0.08922   0.30218   0.00000   0.00000   0.02003   0.10062   0.15268   0.00000   0.00721   0.00937   0.00000   0.00458   0.20562   2.90546   2.43742  -0.98832   0.00000   1.58796  
 54  1.8142   1411.338173  x:  0.06027   0.07793   0.06882   0.00259   0.06098   0.00000   0.18297   0.00000   0.00000   0.00000   0.00000   0.00000   0.00601   0.00570   0.00000   0.00000   0.31197   0.00897   0.00000   0.00676   0.08000   0.00000   0.00000   0.02459   0.01844   0.00000   0.00729   0.00000   0.08648   0.00000   0.06646   0.08997   0.00548   0.04662   0.07872   0.00000   0.00000   0.08660   0.33681   0.00000   0.00000   0.01925   0.10047   0.13124   0.00000   0.00784   0.00754   0.00000   0.00625   0.21546   2.61202   2.55667  -1.10721   0.00000   1.58820  
 55  5.1623   1410.797070  x:  0.05514   0.07267   0.07991   0.00675   0.06005   0.00000   0.16484   0.00000   0.00000   0.00000   0.00000   0.00000   0.00568   0.00517   0.00000   0.00000   0.31760   0.00871   0.00000   0.00703   0.07866   0.00000   0.00000   0.02635   0.01774   0.00000   0.00757   0.00000   0.08774   0.00000   0.06678   0.09250   0.00511   0.04636   0.07831   0.00000   0.00000   0.08054   0.35603   0.00000   0.00000   0.01914   0.09649   0.15362   0.00000   0.00784   0.00722   0.00000   0.00199   0.22456   2.49665   2.61737  -1.16776   0.00000   1.58830  
 56 73.4315   1410.785734  x:  0.05445   0.07197   0.07995   0.00594   0.06039   0.00000   0.16356   0.00000   0.00000   0.00000   0.00000   0.00000   0.00565   0.00509   0.00000   0.00000   0.31963   0.00872   0.00000   0.00705   0.07940   0.00000   0.00000   0.02604   0.01774   0.00000   0.00759   0.00000   0.08780   0.00000   0.06684   0.09393   0.00501   0.04641   0.07801   0.00000   0.00000   0.08399   0.35522   0.00000   0.00000   0.01915   0.09742   0.15404   0.00000   0.00785   0.00717   0.00000   0.00280   0.22485   2.49404   2.61677  -1.16716   0.00000   1.58830  
 57  5.0058   1410.759360  x:  0.05484   0.07235   0.08053   0.00425   0.06006   0.00000   0.16223   0.00000   0.00000   0.00000   0.00000   0.00000   0.00573   0.00520   0.00000   0.00000   0.32352   0.00870   0.00000   0.00706   0.07863   0.00000   0.00000   0.02529   0.01769   0.00000   0.00760   0.00000   0.08798   0.00000   0.06701   0.09666   0.00493   0.04649   0.07711   0.00000   0.00000   0.08113   0.35318   0.00000   0.00000   0.01912   0.10196   0.15336   0.00000   0.00787   0.00714   0.00000   0.00449   0.22540   2.49380   2.61706  -1.16744   0.00000   1.58831  
 58  0.7639   1409.805493  x:  0.05059   0.06788   0.07398   0.00357   0.05624   0.00000   0.15862   0.00000   0.00000   0.00000   0.00000   0.00000   0.00899   0.01357   0.00000   0.00000   0.33334   0.00732   0.00000   0.00710   0.07567   0.00000   0.00000   0.02480   0.01352   0.00000   0.00750   0.00000   0.07818   0.00000   0.07051   0.09053   0.00715   0.04483   0.06997   0.00000   0.00000   0.08628   0.34790   0.00000   0.00000   0.01799   0.09477   0.15702   0.00000   0.00823   0.00804   0.00000   0.00480   0.22410   2.57130   2.80166  -1.35178   0.00000   1.58847  
 59  5.6688   1409.033912  x:  0.05363   0.07081   0.08244   0.00152   0.05223   0.00000   0.15830   0.00000   0.00000   0.00000   0.00000   0.00000   0.00821   0.00981   0.00000   0.00000   0.32044   0.00702   0.00000   0.00712   0.07357   0.00000   0.00000   0.02385   0.01348   0.00000   0.00751   0.00000   0.06827   0.00000   0.06930   0.08790   0.00578   0.04402   0.05952   0.00000   0.00000   0.08207   0.31810   0.00000   0.00000   0.01445   0.09344   0.15011   0.00000   0.00950   0.00688   0.00000   0.00638   0.20285   2.73089   3.04227  -1.59226   0.00000   1.58855  
 60  0.3805   1408.323506  x:  0.06108   0.07813   0.08326   0.00063   0.05669   0.00000   0.15781   0.00000   0.00000   0.00000   0.00000   0.00000   0.00913   0.00904   0.00000   0.00000   0.31616   0.00905   0.00000   0.00852   0.07985   0.00000   0.00000   0.02495   0.01968   0.00000   0.00925   0.00000   0.07400   0.00000   0.06430   0.08810   0.00666   0.04356   0.07174   0.00000   0.00000   0.08111   0.32141   0.00000   0.00000   0.01685   0.09730   0.14313   0.00000   0.00793   0.00808   0.00000   0.00754   0.20560   2.75461   3.28059  -1.83043   0.00000   1.58864  
 61  0.3711   1407.867305  x:  0.05246   0.06914   0.07359   0.00415   0.05818   0.00000   0.15361   0.00000   0.00000   0.00000   0.00000   0.00000   0.00747   0.00667   0.00000   0.00000   0.31129   0.00806   0.00000   0.00881   0.07448   0.00000   0.00000   0.02460   0.01713   0.00000   0.00949   0.00000   0.07525   0.00000   0.06471   0.08896   0.00574   0.04443   0.07225   0.00000   0.00000   0.08000   0.31330   0.00000   0.00000   0.01477   0.09650   0.14354   0.00000   0.00789   0.00884   0.00000   0.00384   0.20904   2.66441   3.62380  -2.17321   0.00000   1.58890  
 62  0.2952   1407.656033  x:  0.05412   0.07043   0.07832   0.00461   0.05643   0.00000   0.15531   0.00000   0.00000   0.00000   0.00000   0.00000   0.00807   0.00919   0.00000   0.00000   0.31565   0.00761   0.00000   0.00914   0.07797   0.00000   0.00000   0.02434   0.01532   0.00000   0.00986   0.00000   0.07788   0.00000   0.06879   0.08866   0.00618   0.04424   0.06990   0.00000   0.00000   0.08367   0.31863   0.00000   0.00000   0.01599   0.09350   0.14496   0.00000   0.00792   0.00767   0.00000   0.00357   0.21093   2.60638   3.90095  -2.44994   0.00000   1.58916  
 63  0.2434   1407.519391  x:  0.05677   0.07257   0.07783   0.00484   0.05568   0.00000   0.15489   0.00000   0.00000   0.00000   0.00000   0.00000   0.00924   0.00737   0.00000   0.00000   0.31159   0.00768   0.00000   0.00908   0.07586   0.00000   0.00000   0.02439   0.01584   0.00000   0.00968   0.00000   0.07571   0.00000   0.06726   0.08758   0.00639   0.04329   0.06926   0.00000   0.00000   0.08165   0.31301   0.00000   0.00000   0.01579   0.09637   0.14522   0.00000   0.00789   0.00811   0.00000   0.00335   0.20942   2.71219   4.30841  -2.85680   0.00000   1.58953  
 64  0.2573   1407.443257  x:  0.05472   0.06996   0.07690   0.00480   0.05743   0.00000   0.15455   0.00000   0.00000   0.00000   0.00000   0.00000   0.00720   0.00878   0.00000   0.00000   0.31323   0.00793   0.00000   0.00880   0.07638   0.00000   0.00000   0.02428   0.01624   0.00000   0.00934   0.00000   0.07532   0.00000   0.06657   0.08849   0.00647   0.04412   0.06949   0.00000   0.00000   0.08094   0.31390   0.00000   0.00000   0.01577   0.09552   0.14403   0.00000   0.00799   0.00837   0.00000   0.00335   0.20872   2.68315   4.67956  -3.22730   0.00000   1.58993  
 65  0.2742   1407.399318  x:  0.05465   0.06933   0.07731   0.00453   0.05697   0.00000   0.15577   0.00000   0.00000   0.00000   0.00000   0.00000   0.00863   0.00804   0.00000   0.00000   0.31459   0.00793   0.00000   0.00828   0.07714   0.00000   0.00000   0.02416   0.01623   0.00000   0.00859   0.00000   0.07544   0.00000   0.06698   0.08876   0.00593   0.04434   0.07046   0.00000   0.00000   0.08168   0.31857   0.00000   0.00000   0.01581   0.09456   0.14421   0.00000   0.00811   0.00780   0.00000   0.00362   0.20903   2.64612   5.03953  -3.58663   0.00000   1.59034  
 66  0.3466   1407.379092  x:  0.05644   0.07060   0.07755   0.00398   0.05573   0.00000   0.15487   0.00000   0.00000   0.00000   0.00000   0.00000   0.00807   0.00804   0.00000   0.00000   0.31443   0.00808   0.00000   0.00787   0.07618   0.00000   0.00000   0.02448   0.01619   0.00000   0.00804   0.00000   0.07582   0.00000   0.06679   0.08810   0.00626   0.04368   0.07003   0.00000   0.00000   0.08233   0.31768   0.00000   0.00000   0.01617   0.09549   0.14506   0.00000   0.00803   0.00818   0.00000   0.00416   0.20953   2.66894   5.38309  -3.92958   0.00000   1.59071  
 67  0.3037   1407.374671  x:  0.05591   0.06981   0.07745   0.00383   0.05697   0.00000   0.15526   0.00000   0.00000   0.00000   0.00000   0.00000   0.00806   0.00808   0.00000   0.00000   0.31388   0.00812   0.00000   0.00777   0.07661   0.00000   0.00000   0.02439   0.01622   0.00000   0.00786   0.00000   0.07576   0.00000   0.06723   0.08814   0.00627   0.04384   0.06984   0.00000   0.00000   0.08158   0.31613   0.00000   0.00000   0.01631   0.09528   0.14475   0.00000   0.00806   0.00805   0.00000   0.00430   0.20900   2.67317   5.56514  -4.11133   0.00000   1.59090  
 68  0.1857   1407.371686  x:  0.05584   0.06937   0.07708   0.00430   0.05606   0.00000   0.15506   0.00000   0.00000   0.00000   0.00000   0.00000   0.00808   0.00817   0.00000   0.00000   0.31352   0.00810   0.00000   0.00784   0.07654   0.00000   0.00000   0.02447   0.01617   0.00000   0.00780   0.00000   0.07570   0.00000   0.06728   0.08854   0.00622   0.04415   0.07032   0.00000   0.00000   0.08164   0.31666   0.00000   0.00000   0.01631   0.09517   0.14423   0.00000   0.00793   0.00801   0.00000   0.00382   0.20974   2.66532   5.84343  -4.38919   0.00000   1.59116  
 69  0.1335   1407.367845  x:  0.05668   0.06968   0.07761   0.00420   0.05681   0.00000   0.15494   0.00000   0.00000   0.00000   0.00000   0.00000   0.00812   0.00807   0.00000   0.00000   0.31396   0.00808   0.00000   0.00813   0.07645   0.00000   0.00000   0.02433   0.01622   0.00000   0.00794   0.00000   0.07576   0.00000   0.06762   0.08821   0.00626   0.04371   0.06988   0.00000   0.00000   0.08202   0.31656   0.00000   0.00000   0.01624   0.09521   0.14468   0.00000   0.00797   0.00814   0.00000   0.00394   0.20933   2.66569   6.26130  -4.80643   0.00000   1.59154  
 70  0.2102   1407.366680  x:  0.05652   0.06917   0.07736   0.00421   0.05644   0.00000   0.15526   0.00000   0.00000   0.00000   0.00000   0.00000   0.00808   0.00810   0.00000   0.00000   0.31379   0.00806   0.00000   0.00824   0.07662   0.00000   0.00000   0.02439   0.01621   0.00000   0.00796   0.00000   0.07575   0.00000   0.06717   0.08817   0.00622   0.04393   0.07000   0.00000   0.00000   0.08168   0.31624   0.00000   0.00000   0.01618   0.09537   0.14475   0.00000   0.00800   0.00803   0.00000   0.00392   0.20921   2.67181   6.52679  -5.07151   0.00000   1.59179  
 71  0.2157   1407.366195  x:  0.05678   0.06905   0.07738   0.00404   0.05659   0.00000   0.15501   0.00000   0.00000   0.00000   0.00000   0.00000   0.00811   0.00811   0.00000   0.00000   0.31394   0.00805   0.00000   0.00824   0.07644   0.00000   0.00000   0.02441   0.01617   0.00000   0.00792   0.00000   0.07569   0.00000   0.06708   0.08840   0.00625   0.04392   0.07000   0.00000   0.00000   0.08175   0.31666   0.00000   0.00000   0.01614   0.09515   0.14456   0.00000   0.00804   0.00811   0.00000   0.00409   0.20931   2.66749   6.81724  -5.36151   0.00000   1.59206  
 72  0.1688   1407.365781  x:  0.05704   0.06879   0.07745   0.00388   0.05650   0.00000   0.15521   0.00000   0.00000   0.00000   0.00000   0.00000   0.00810   0.00810   0.00000   0.00000   0.31377   0.00809   0.00000   0.00820   0.07655   0.00000   0.00000   0.02441   0.01623   0.00000   0.00792   0.00000   0.07588   0.00000   0.06718   0.08808   0.00624   0.04383   0.06997   0.00000   0.00000   0.08183   0.31662   0.00000   0.00000   0.01623   0.09532   0.14473   0.00000   0.00805   0.00803   0.00000   0.00424   0.20915   2.66958   7.21376  -5.75742   0.00000   1.59244  
 73  0.1774   1407.365347  x:  0.05739   0.06844   0.07729   0.00400   0.05654   0.00000   0.15506   0.00000   0.00000   0.00000   0.00000   0.00000   0.00810   0.00810   0.00000   0.00000   0.31360   0.00805   0.00000   0.00813   0.07658   0.00000   0.00000   0.02442   0.01615   0.00000   0.00797   0.00000   0.07564   0.00000   0.06722   0.08843   0.00623   0.04398   0.07006   0.00000   0.00000   0.08167   0.31650   0.00000   0.00000   0.01617   0.09525   0.14468   0.00000   0.00800   0.00809   0.00000   0.00413   0.20933   2.67001   7.75002  -6.29285   0.00000   1.59294  
 74  0.2224   1407.365134  x:  0.05763   0.06810   0.07748   0.00407   0.05653   0.00000   0.15517   0.00000   0.00000   0.00000   0.00000   0.00000   0.00810   0.00811   0.00000   0.00000   0.31376   0.00806   0.00000   0.00808   0.07643   0.00000   0.00000   0.02440   0.01621   0.00000   0.00805   0.00000   0.07575   0.00000   0.06721   0.08824   0.00624   0.04386   0.06998   0.00000   0.00000   0.08179   0.31659   0.00000   0.00000   0.01618   0.09525   0.14462   0.00000   0.00800   0.00807   0.00000   0.00406   0.20925   2.66861   8.18255  -6.72471   0.00000   1.59334  
 75  0.3021   1407.365097  x:  0.05780   0.06804   0.07739   0.00405   0.05653   0.00000   0.15511   0.00000   0.00000   0.00000   0.00000   0.00000   0.00810   0.00810   0.00000   0.00000   0.31383   0.00806   0.00000   0.00805   0.07655   0.00000   0.00000   0.02440   0.01619   0.00000   0.00807   0.00000   0.07574   0.00000   0.06717   0.08824   0.00624   0.04389   0.06998   0.00000   0.00000   0.08177   0.31655   0.00000   0.00000   0.01617   0.09527   0.14468   0.00000   0.00801   0.00806   0.00000   0.00408   0.20925   2.66912   8.36486  -6.90674   0.00000   1.59351  
 76  0.1970   1407.365092  x:  0.05786   0.06795   0.07740   0.00406   0.05654   0.00000   0.15514   0.00000   0.00000   0.00000   0.00000   0.00000   0.00811   0.00810   0.00000   0.00000   0.31384   0.00806   0.00000   0.00805   0.07651   0.00000   0.00000   0.02440   0.01619   0.00000   0.00807   0.00000   0.07575   0.00000   0.06715   0.08827   0.00624   0.04390   0.07000   0.00000   0.00000   0.08176   0.31654   0.00000   0.00000   0.01617   0.09526   0.14466   0.00000   0.00802   0.00807   0.00000   0.00407   0.20926   2.66929   8.47214  -7.01386   0.00000   1.59361  
 77  0.0910   1407.365080  x:  0.05813   0.06768   0.07741   0.00406   0.05653   0.00000   0.15509   0.00000   0.00000   0.00000   0.00000   0.00000   0.00810   0.00810   0.00000   0.00000   0.31381   0.00806   0.00000   0.00805   0.07654   0.00000   0.00000   0.02440   0.01619   0.00000   0.00806   0.00000   0.07576   0.00000   0.06715   0.08823   0.00624   0.04386   0.07000   0.00000   0.00000   0.08176   0.31656   0.00000   0.00000   0.01618   0.09524   0.14463   0.00000   0.00803   0.00807   0.00000   0.00407   0.20927   2.66879   8.88708  -7.42815   0.00000   1.59400  
 78  0.0733   1407.365070  x:  0.05839   0.06745   0.07739   0.00406   0.05654   0.00000   0.15514   0.00000   0.00000   0.00000   0.00000   0.00000   0.00810   0.00810   0.00000   0.00000   0.31383   0.00806   0.00000   0.00806   0.07652   0.00000   0.00000   0.02440   0.01619   0.00000   0.00806   0.00000   0.07575   0.00000   0.06716   0.08827   0.00624   0.04391   0.06999   0.00000   0.00000   0.08177   0.31653   0.00000   0.00000   0.01618   0.09527   0.14467   0.00000   0.00802   0.00807   0.00000   0.00407   0.20927   2.66921   9.25491  -7.79541   0.00000   1.59434  
 79  0.2400   1407.365067  x:  0.05862   0.06718   0.07741   0.00407   0.05653   0.00000   0.15512   0.00000   0.00000   0.00000   0.00000   0.00000   0.00810   0.00810   0.00000   0.00000   0.31384   0.00806   0.00000   0.00806   0.07653   0.00000   0.00000   0.02440   0.01619   0.00000   0.00806   0.00000   0.07574   0.00000   0.06716   0.08826   0.00624   0.04389   0.06999   0.00000   0.00000   0.08175   0.31653   0.00000   0.00000   0.01617   0.09526   0.14465   0.00000   0.00802   0.00807   0.00000   0.00406   0.20926   2.66922   9.63836  -8.17827   0.00000   1.59470  
 80  0.2415   1407.365065  x:  0.05891   0.06692   0.07739   0.00406   0.05654   0.00000   0.15512   0.00000   0.00000   0.00000   0.00000   0.00000   0.00810   0.00810   0.00000   0.00000   0.31385   0.00806   0.00000   0.00806   0.07652   0.00000   0.00000   0.02440   0.01619   0.00000   0.00806   0.00000   0.07575   0.00000   0.06716   0.08826   0.00624   0.04390   0.06999   0.00000   0.00000   0.08177   0.31654   0.00000   0.00000   0.01618   0.09526   0.14466   0.00000   0.00802   0.00807   0.00000   0.00407   0.20926   2.66912  10.06259  -8.60184   0.00000   1.59510  
 81  0.2378   1407.365065  x:  0.05919   0.06662   0.07740   0.00406   0.05653   0.00000   0.15513   0.00000   0.00000   0.00000   0.00000   0.00000   0.00810   0.00810   0.00000   0.00000   0.31383   0.00806   0.00000   0.00806   0.07653   0.00000   0.00000   0.02440   0.01619   0.00000   0.00806   0.00000   0.07574   0.00000   0.06716   0.08826   0.00624   0.04389   0.06999   0.00000   0.00000   0.08176   0.31654   0.00000   0.00000   0.01618   0.09526   0.14466   0.00000   0.00802   0.00807   0.00000   0.00407   0.20926   2.66920  10.49521  -9.03378   0.00000   1.59551  
 82  0.2508   1407.365064  x:  0.05945   0.06637   0.07740   0.00406   0.05654   0.00000   0.15512   0.00000   0.00000   0.00000   0.00000   0.00000   0.00810   0.00810   0.00000   0.00000   0.31383   0.00806   0.00000   0.00806   0.07652   0.00000   0.00000   0.02440   0.01619   0.00000   0.00806   0.00000   0.07574   0.00000   0.06716   0.08826   0.00624   0.04389   0.07000   0.00000   0.00000   0.08176   0.31654   0.00000   0.00000   0.01617   0.09526   0.14466   0.00000   0.00802   0.00807   0.00000   0.00407   0.20926   2.66918  10.88967  -9.42763   0.00000   1.59588  
 83  0.2535   1407.365064  x:  0.05969   0.06613   0.07740   0.00406   0.05653   0.00000   0.15513   0.00000   0.00000   0.00000   0.00000   0.00000   0.00810   0.00810   0.00000   0.00000   0.31383   0.00806   0.00000   0.00806   0.07653   0.00000   0.00000   0.02440   0.01619   0.00000   0.00806   0.00000   0.07575   0.00000   0.06716   0.08826   0.00624   0.04389   0.06999   0.00000   0.00000   0.08176   0.31654   0.00000   0.00000   0.01618   0.09526   0.14466   0.00000   0.00802   0.00807   0.00000   0.00407   0.20926   2.66915  11.25593  -9.79333   0.00000   1.59622  
 84  0.2508   1407.365064  x:  0.06001   0.06581   0.07740   0.00406   0.05653   0.00000   0.15513   0.00000   0.00000   0.00000   0.00000   0.00000   0.00810   0.00810   0.00000   0.00000   0.31383   0.00806   0.00000   0.00806   0.07653   0.00000   0.00000   0.02440   0.01619   0.00000   0.00806   0.00000   0.07574   0.00000   0.06716   0.08826   0.00624   0.04389   0.07000   0.00000   0.00000   0.08176   0.31654   0.00000   0.00000   0.01617   0.09526   0.14466   0.00000   0.00802   0.00807   0.00000   0.00407   0.20926   2.66920  11.73831  -10.27495   0.00000   1.59667  
 85  0.2634   1407.365064  x:  0.06022   0.06560   0.07740   0.00406   0.05653   0.00000   0.15513   0.00000   0.00000   0.00000   0.00000   0.00000   0.00810   0.00810   0.00000   0.00000   0.31384   0.00806   0.00000   0.00806   0.07653   0.00000   0.00000   0.02440   0.01619   0.00000   0.00806   0.00000   0.07575   0.00000   0.06716   0.08826   0.00624   0.04389   0.06999   0.00000   0.00000   0.08176   0.31654   0.00000   0.00000   0.01618   0.09526   0.14466   0.00000   0.00802   0.00807   0.00000   0.00407   0.20926   2.66916  12.05399  -10.59015   0.00000   1.59697  
 86  0.2317   1407.365064  x:  0.06063   0.06519   0.07740   0.00406   0.05653   0.00000   0.15513   0.00000   0.00000   0.00000   0.00000   0.00000   0.00810   0.00810   0.00000   0.00000   0.31384   0.00806   0.00000   0.00806   0.07653   0.00000   0.00000   0.02440   0.01619   0.00000   0.00806   0.00000   0.07574   0.00000   0.06716   0.08826   0.00624   0.04389   0.06999   0.00000   0.00000   0.08176   0.31654   0.00000   0.00000   0.01618   0.09526   0.14466   0.00000   0.00802   0.00807   0.00000   0.00407   0.20926   2.66918  12.68172  -11.21691   0.00000   1.59756  
 87  0.2479   1407.365064  x:  0.06076   0.06506   0.07740   0.00406   0.05653   0.00000   0.15513   0.00000   0.00000   0.00000   0.00000   0.00000   0.00810   0.00810   0.00000   0.00000   0.31384   0.00806   0.00000   0.00806   0.07653   0.00000   0.00000   0.02440   0.01619   0.00000   0.00806   0.00000   0.07575   0.00000   0.06716   0.08826   0.00624   0.04389   0.06999   0.00000   0.00000   0.08176   0.31654   0.00000   0.00000   0.01618   0.09526   0.14466   0.00000   0.00802   0.00807   0.00000   0.00407   0.20926   2.66917  12.88334  -11.41821   0.00000   1.59775  
 88  0.1781   1407.365064  x:  0.06128   0.06454   0.07740   0.00406   0.05653   0.00000   0.15513   0.00000   0.00000   0.00000   0.00000   0.00000   0.00810   0.00810   0.00000   0.00000   0.31384   0.00806   0.00000   0.00806   0.07653   0.00000   0.00000   0.02440   0.01619   0.00000   0.00806   0.00000   0.07575   0.00000   0.06716   0.08826   0.00624   0.04389   0.06999   0.00000   0.00000   0.08176   0.31654   0.00000   0.00000   0.01618   0.09526   0.14466   0.00000   0.00802   0.00807   0.00000   0.00407   0.20926   2.66917  13.66772  -12.20138   0.00000   1.59848  
 89  0.2346   1407.365064  x:  0.06158   0.06424   0.07740   0.00406   0.05653   0.00000   0.15513   0.00000   0.00000   0.00000   0.00000   0.00000   0.00810   0.00810   0.00000   0.00000   0.31383   0.00806   0.00000   0.00806   0.07653   0.00000   0.00000   0.02440   0.01619   0.00000   0.00806   0.00000   0.07575   0.00000   0.06716   0.08826   0.00624   0.04389   0.06999   0.00000   0.00000   0.08176   0.31654   0.00000   0.00000   0.01618   0.09526   0.14466   0.00000   0.00802   0.00807   0.00000   0.00407   0.20926   2.66917  14.12193  -12.65488   0.00000   1.59891  
 90  0.4012   1407.365064  x:  0.06151   0.06431   0.07740   0.00406   0.05653   0.00000   0.15513   0.00000   0.00000   0.00000   0.00000   0.00000   0.00810   0.00810   0.00000   0.00000   0.31383   0.00806   0.00000   0.00806   0.07653   0.00000   0.00000   0.02440   0.01619   0.00000   0.00806   0.00000   0.07575   0.00000   0.06716   0.08826   0.00624   0.04389   0.06999   0.00000   0.00000   0.08176   0.31654   0.00000   0.00000   0.01618   0.09526   0.14466   0.00000   0.00802   0.00807   0.00000   0.00407   0.20926   2.66917  14.01764  -12.55076   0.00000   1.59881  
 91  0.2127   1407.365064  x:  0.06155   0.06427   0.07740   0.00406   0.05653   0.00000   0.15513   0.00000   0.00000   0.00000   0.00000   0.00000   0.00810   0.00810   0.00000   0.00000   0.31384   0.00806   0.00000   0.00806   0.07653   0.00000   0.00000   0.02440   0.01619   0.00000   0.00806   0.00000   0.07575   0.00000   0.06716   0.08826   0.00624   0.04389   0.06999   0.00000   0.00000   0.08176   0.31654   0.00000   0.00000   0.01618   0.09526   0.14466   0.00000   0.00802   0.00807   0.00000   0.00407   0.20926   2.66917  14.08641  -12.61942   0.00000   1.59888  
 92  0.0821   1407.365064  x:  0.06155   0.06427   0.07740   0.00406   0.05653   0.00000   0.15513   0.00000   0.00000   0.00000   0.00000   0.00000   0.00810   0.00810   0.00000   0.00000   0.31384   0.00806   0.00000   0.00806   0.07653   0.00000   0.00000   0.02440   0.01619   0.00000   0.00806   0.00000   0.07575   0.00000   0.06716   0.08826   0.00624   0.04389   0.06999   0.00000   0.00000   0.08176   0.31654   0.00000   0.00000   0.01618   0.09526   0.14466   0.00000   0.00802   0.00807   0.00000   0.00407   0.20926   2.66917  14.07923  -12.61225   0.00000   1.59887  
 93  0.0254   1407.365064  x:  0.06155   0.06427   0.07740   0.00406   0.05653   0.00000   0.15513   0.00000   0.00000   0.00000   0.00000   0.00000   0.00810   0.00810   0.00000   0.00000   0.31384   0.00806   0.00000   0.00806   0.07653   0.00000   0.00000   0.02440   0.01619   0.00000   0.00806   0.00000   0.07575   0.00000   0.06716   0.08826   0.00624   0.04389   0.06999   0.00000   0.00000   0.08176   0.31654   0.00000   0.00000   0.01618   0.09526   0.14466   0.00000   0.00802   0.00807   0.00000   0.00407   0.20926   2.66917  14.08907  -12.62207   0.00000   1.59888  
 94  0.0212   1407.365064  x:  0.06156   0.06426   0.07740   0.00406   0.05653   0.00000   0.15513   0.00000   0.00000   0.00000   0.00000   0.00000   0.00810   0.00810   0.00000   0.00000   0.31384   0.00806   0.00000   0.00806   0.07653   0.00000   0.00000   0.02440   0.01619   0.00000   0.00806   0.00000   0.07575   0.00000   0.06716   0.08826   0.00624   0.04389   0.06999   0.00000   0.00000   0.08176   0.31654   0.00000   0.00000   0.01618   0.09526   0.14466   0.00000   0.00802   0.00807   0.00000   0.00407   0.20926   2.66917  14.09890  -12.63189   0.00000   1.59889  
 95  0.0397   1407.365064  x:  0.06156   0.06426   0.07740   0.00406   0.05653   0.00000   0.15513   0.00000   0.00000   0.00000   0.00000   0.00000   0.00810   0.00810   0.00000   0.00000   0.31384   0.00806   0.00000   0.00806   0.07653   0.00000   0.00000   0.02440   0.01619   0.00000   0.00806   0.00000   0.07575   0.00000   0.06716   0.08826   0.00624   0.04389   0.06999   0.00000   0.00000   0.08176   0.31654   0.00000   0.00000   0.01618   0.09526   0.14466   0.00000   0.00802   0.00807   0.00000   0.00407   0.20926   2.66917  14.10220  -12.63518   0.00000   1.59889  
 96  0.0029   1407.365064  x:  0.06157   0.06425   0.07740   0.00406   0.05653   0.00000   0.15513   0.00000   0.00000   0.00000   0.00000   0.00000   0.00810   0.00810   0.00000   0.00000   0.31384   0.00806   0.00000   0.00806   0.07653   0.00000   0.00000   0.02440   0.01619   0.00000   0.00806   0.00000   0.07575   0.00000   0.06716   0.08826   0.00624   0.04389   0.06999   0.00000   0.00000   0.08176   0.31654   0.00000   0.00000   0.01618   0.09526   0.14466   0.00000   0.00802   0.00807   0.00000   0.00407   0.20926   2.66917  14.10846  -12.64143   0.00000   1.59890  
 97  0.0564   1407.365064  x:  0.06157   0.06425   0.07740   0.00406   0.05653   0.00000   0.15513   0.00000   0.00000   0.00000   0.00000   0.00000   0.00810   0.00810   0.00000   0.00000   0.31384   0.00806   0.00000   0.00806   0.07653   0.00000   0.00000   0.02440   0.01619   0.00000   0.00806   0.00000   0.07575   0.00000   0.06716   0.08826   0.00624   0.04389   0.06999   0.00000   0.00000   0.08176   0.31654   0.00000   0.00000   0.01618   0.09526   0.14466   0.00000   0.00802   0.00807   0.00000   0.00407   0.20926   2.66917  14.10832  -12.64129   0.00000   1.59890  