Supplemental results for CODEML (seqf: D:\pamlX\prank_target_ortho_grik2_ensembl_phy.best.nuc_updated.phy  treef: D:\pamlX\prank_target_ortho_grik2_ensembl_phy.best.dnd)


Model 0: one-ratio

Model 1: NearlyNeutral

MLEs of dN/dS (w) for site classes (K=2)

p:   0.99999  0.00001
w:   0.00000  1.00000

Naive Empirical Bayes (NEB) probabilities for 2 classes & postmean_w
(amino acids refer to 1st sequence: homosapiens)

   1 M   1.00000 0.00000 ( 1)  0.000
   2 G   1.00000 0.00000 ( 1)  0.000
   3 A   1.00000 0.00000 ( 1)  0.000
   4 E   1.00000 0.00000 ( 1)  0.000
   5 E   1.00000 0.00000 ( 1)  0.000
   6 L   1.00000 0.00000 ( 1)  0.000
   7 A   1.00000 0.00000 ( 1)  0.000
   8 F   1.00000 0.00000 ( 1)  0.000
   9 R   1.00000 0.00000 ( 1)  0.000
  10 F   1.00000 0.00000 ( 1)  0.000
  11 A   1.00000 0.00000 ( 1)  0.000
  12 V   1.00000 0.00000 ( 1)  0.000
  13 N   1.00000 0.00000 ( 1)  0.000
  14 T   1.00000 0.00000 ( 1)  0.000
  15 I   1.00000 0.00000 ( 1)  0.000
  16 N   1.00000 0.00000 ( 1)  0.000
  17 R   1.00000 0.00000 ( 1)  0.000
  18 N   1.00000 0.00000 ( 1)  0.000
  19 R   1.00000 0.00000 ( 1)  0.000
  20 T   1.00000 0.00000 ( 1)  0.000
  21 L   1.00000 0.00000 ( 1)  0.000
  22 L   1.00000 0.00000 ( 1)  0.000
  23 P   1.00000 0.00000 ( 1)  0.000
  24 N   1.00000 0.00000 ( 1)  0.000
  25 T   1.00000 0.00000 ( 1)  0.000
  26 T   1.00000 0.00000 ( 1)  0.000
  27 L   1.00000 0.00000 ( 1)  0.000
  28 T   1.00000 0.00000 ( 1)  0.000
  29 Y   1.00000 0.00000 ( 1)  0.000
  30 D   1.00000 0.00000 ( 1)  0.000
  31 T   1.00000 0.00000 ( 1)  0.000
  32 Q   1.00000 0.00000 ( 1)  0.000
  33 K   1.00000 0.00000 ( 1)  0.000
  34 I   1.00000 0.00000 ( 1)  0.000
  35 N   1.00000 0.00000 ( 1)  0.000
  36 L   1.00000 0.00000 ( 1)  0.000
  37 Y   1.00000 0.00000 ( 1)  0.000
  38 D   1.00000 0.00000 ( 1)  0.000
  39 S   1.00000 0.00000 ( 1)  0.000
  40 F   1.00000 0.00000 ( 1)  0.000
  41 E   1.00000 0.00000 ( 1)  0.000
  42 A   1.00000 0.00000 ( 1)  0.000
  43 S   1.00000 0.00000 ( 1)  0.000
  44 K   1.00000 0.00000 ( 1)  0.000
  45 K   1.00000 0.00000 ( 1)  0.000
  46 A   1.00000 0.00000 ( 1)  0.000
  47 C   1.00000 0.00000 ( 1)  0.000
  48 D   1.00000 0.00000 ( 1)  0.000
  49 Q   1.00000 0.00000 ( 1)  0.000
  50 L   1.00000 0.00000 ( 1)  0.000
  51 S   1.00000 0.00000 ( 1)  0.000
  52 L   1.00000 0.00000 ( 1)  0.000
  53 G   1.00000 0.00000 ( 1)  0.000
  54 V   1.00000 0.00000 ( 1)  0.000
  55 A   1.00000 0.00000 ( 1)  0.000
  56 A   1.00000 0.00000 ( 1)  0.000
  57 I   1.00000 0.00000 ( 1)  0.000
  58 F   1.00000 0.00000 ( 1)  0.000
  59 G   1.00000 0.00000 ( 1)  0.000
  60 P   1.00000 0.00000 ( 1)  0.000
  61 S   1.00000 0.00000 ( 1)  0.000
  62 H   1.00000 0.00000 ( 1)  0.000
  63 S   1.00000 0.00000 ( 1)  0.000
  64 S   1.00000 0.00000 ( 1)  0.000
  65 S   1.00000 0.00000 ( 1)  0.000
  66 A   1.00000 0.00000 ( 1)  0.000
  67 N   1.00000 0.00000 ( 1)  0.000
  68 A   1.00000 0.00000 ( 1)  0.000
  69 V   1.00000 0.00000 ( 1)  0.000
  70 Q   1.00000 0.00000 ( 1)  0.000
  71 S   1.00000 0.00000 ( 1)  0.000
  72 I   1.00000 0.00000 ( 1)  0.000
  73 C   1.00000 0.00000 ( 1)  0.000
  74 N   1.00000 0.00000 ( 1)  0.000
  75 A   1.00000 0.00000 ( 1)  0.000
  76 L   1.00000 0.00000 ( 1)  0.000
  77 G   1.00000 0.00000 ( 1)  0.000
  78 V   1.00000 0.00000 ( 1)  0.000
  79 P   1.00000 0.00000 ( 1)  0.000
  80 H   1.00000 0.00000 ( 1)  0.000
  81 I   1.00000 0.00000 ( 1)  0.000
  82 Q   1.00000 0.00000 ( 1)  0.000
  83 T   1.00000 0.00000 ( 1)  0.000
  84 R   1.00000 0.00000 ( 1)  0.000
  85 W   1.00000 0.00000 ( 1)  0.000
  86 K   1.00000 0.00000 ( 1)  0.000
  87 H   1.00000 0.00000 ( 1)  0.000
  88 Q   1.00000 0.00000 ( 1)  0.000
  89 V   1.00000 0.00000 ( 1)  0.000
  90 S   1.00000 0.00000 ( 1)  0.000
  91 D   1.00000 0.00000 ( 1)  0.000
  92 N   1.00000 0.00000 ( 1)  0.000
  93 K   1.00000 0.00000 ( 1)  0.000
  94 D   1.00000 0.00000 ( 1)  0.000
  95 S   1.00000 0.00000 ( 1)  0.000
  96 F   1.00000 0.00000 ( 1)  0.000
  97 Y   1.00000 0.00000 ( 1)  0.000
  98 V   1.00000 0.00000 ( 1)  0.000
  99 S   1.00000 0.00000 ( 1)  0.000
 100 L   1.00000 0.00000 ( 1)  0.000
 101 Y   1.00000 0.00000 ( 1)  0.000
 102 P   1.00000 0.00000 ( 1)  0.000
 103 D   1.00000 0.00000 ( 1)  0.000
 104 F   1.00000 0.00000 ( 1)  0.000
 105 S   1.00000 0.00000 ( 1)  0.000
 106 S   1.00000 0.00000 ( 1)  0.000
 107 L   1.00000 0.00000 ( 1)  0.000
 108 S   1.00000 0.00000 ( 1)  0.000
 109 R   1.00000 0.00000 ( 1)  0.000
 110 A   1.00000 0.00000 ( 1)  0.000
 111 I   1.00000 0.00000 ( 1)  0.000
 112 L   1.00000 0.00000 ( 1)  0.000
 113 D   1.00000 0.00000 ( 1)  0.000
 114 L   1.00000 0.00000 ( 1)  0.000
 115 V   1.00000 0.00000 ( 1)  0.000
 116 Q   1.00000 0.00000 ( 1)  0.000
 117 F   1.00000 0.00000 ( 1)  0.000
 118 F   1.00000 0.00000 ( 1)  0.000
 119 K   1.00000 0.00000 ( 1)  0.000
 120 W   1.00000 0.00000 ( 1)  0.000
 121 K   1.00000 0.00000 ( 1)  0.000
 122 T   1.00000 0.00000 ( 1)  0.000
 123 V   1.00000 0.00000 ( 1)  0.000
 124 T   1.00000 0.00000 ( 1)  0.000
 125 V   1.00000 0.00000 ( 1)  0.000
 126 V   1.00000 0.00000 ( 1)  0.000
 127 Y   1.00000 0.00000 ( 1)  0.000
 128 D   1.00000 0.00000 ( 1)  0.000
 129 D   1.00000 0.00000 ( 1)  0.000
 130 S   1.00000 0.00000 ( 1)  0.000
 131 T   1.00000 0.00000 ( 1)  0.000


lnL = -1407.366364


Model 2: PositiveSelection

MLEs of dN/dS (w) for site classes (K=3)

p:   1.00000  0.00000  0.00000
w:   0.00000  1.00000 36.44443
(note that p[2] is zero)


Naive Empirical Bayes (NEB) probabilities for 3 classes & postmean_w & P(w>1)
(amino acids refer to 1st sequence: homosapiens)

   1 M   1.00000 0.00000 0.00000 ( 1)  0.000  0.000
   2 G   1.00000 0.00000 0.00000 ( 1)  0.000  0.000
   3 A   1.00000 0.00000 0.00000 ( 1)  0.000  0.000
   4 E   1.00000 0.00000 0.00000 ( 1)  0.000  0.000
   5 E   1.00000 0.00000 0.00000 ( 1)  0.000  0.000
   6 L   1.00000 0.00000 0.00000 ( 1)  0.000  0.000
   7 A   1.00000 0.00000 0.00000 ( 1)  0.000  0.000
   8 F   1.00000 0.00000 0.00000 ( 1)  0.000  0.000
   9 R   1.00000 0.00000 0.00000 ( 1)  0.000  0.000
  10 F   1.00000 0.00000 0.00000 ( 1)  0.000  0.000
  11 A   1.00000 0.00000 0.00000 ( 1)  0.000  0.000
  12 V   1.00000 0.00000 0.00000 ( 1)  0.000  0.000
  13 N   1.00000 0.00000 0.00000 ( 1)  0.000  0.000
  14 T   1.00000 0.00000 0.00000 ( 1)  0.000  0.000
  15 I   1.00000 0.00000 0.00000 ( 1)  0.000  0.000
  16 N   1.00000 0.00000 0.00000 ( 1)  0.000  0.000
  17 R   1.00000 0.00000 0.00000 ( 1)  0.000  0.000
  18 N   1.00000 0.00000 0.00000 ( 1)  0.000  0.000
  19 R   1.00000 0.00000 0.00000 ( 1)  0.000  0.000
  20 T   1.00000 0.00000 0.00000 ( 1)  0.000  0.000
  21 L   1.00000 0.00000 0.00000 ( 1)  0.000  0.000
  22 L   1.00000 0.00000 0.00000 ( 1)  0.000  0.000
  23 P   1.00000 0.00000 0.00000 ( 1)  0.000  0.000
  24 N   1.00000 0.00000 0.00000 ( 1)  0.000  0.000
  25 T   1.00000 0.00000 0.00000 ( 1)  0.000  0.000
  26 T   1.00000 0.00000 0.00000 ( 1)  0.000  0.000
  27 L   1.00000 0.00000 0.00000 ( 1)  0.000  0.000
  28 T   1.00000 0.00000 0.00000 ( 1)  0.000  0.000
  29 Y   1.00000 0.00000 0.00000 ( 1)  0.000  0.000
  30 D   1.00000 0.00000 0.00000 ( 1)  0.000  0.000
  31 T   1.00000 0.00000 0.00000 ( 1)  0.000  0.000
  32 Q   1.00000 0.00000 0.00000 ( 1)  0.000  0.000
  33 K   1.00000 0.00000 0.00000 ( 1)  0.000  0.000
  34 I   1.00000 0.00000 0.00000 ( 1)  0.000  0.000
  35 N   1.00000 0.00000 0.00000 ( 1)  0.000  0.000
  36 L   1.00000 0.00000 0.00000 ( 1)  0.000  0.000
  37 Y   1.00000 0.00000 0.00000 ( 1)  0.000  0.000
  38 D   1.00000 0.00000 0.00000 ( 1)  0.000  0.000
  39 S   1.00000 0.00000 0.00000 ( 1)  0.000  0.000
  40 F   1.00000 0.00000 0.00000 ( 1)  0.000  0.000
  41 E   1.00000 0.00000 0.00000 ( 1)  0.000  0.000
  42 A   1.00000 0.00000 0.00000 ( 1)  0.000  0.000
  43 S   1.00000 0.00000 0.00000 ( 1)  0.000  0.000
  44 K   1.00000 0.00000 0.00000 ( 1)  0.000  0.000
  45 K   1.00000 0.00000 0.00000 ( 1)  0.000  0.000
  46 A   1.00000 0.00000 0.00000 ( 1)  0.000  0.000
  47 C   1.00000 0.00000 0.00000 ( 1)  0.000  0.000
  48 D   1.00000 0.00000 0.00000 ( 1)  0.000  0.000
  49 Q   1.00000 0.00000 0.00000 ( 1)  0.000  0.000
  50 L   1.00000 0.00000 0.00000 ( 1)  0.000  0.000
  51 S   1.00000 0.00000 0.00000 ( 1)  0.000  0.000
  52 L   1.00000 0.00000 0.00000 ( 1)  0.000  0.000
  53 G   1.00000 0.00000 0.00000 ( 1)  0.000  0.000
  54 V   1.00000 0.00000 0.00000 ( 1)  0.000  0.000
  55 A   1.00000 0.00000 0.00000 ( 1)  0.000  0.000
  56 A   1.00000 0.00000 0.00000 ( 1)  0.000  0.000
  57 I   1.00000 0.00000 0.00000 ( 1)  0.000  0.000
  58 F   1.00000 0.00000 0.00000 ( 1)  0.000  0.000
  59 G   1.00000 0.00000 0.00000 ( 1)  0.000  0.000
  60 P   1.00000 0.00000 0.00000 ( 1)  0.000  0.000
  61 S   1.00000 0.00000 0.00000 ( 1)  0.000  0.000
  62 H   1.00000 0.00000 0.00000 ( 1)  0.000  0.000
  63 S   1.00000 0.00000 0.00000 ( 1)  0.000  0.000
  64 S   1.00000 0.00000 0.00000 ( 1)  0.000  0.000
  65 S   1.00000 0.00000 0.00000 ( 1)  0.000  0.000
  66 A   1.00000 0.00000 0.00000 ( 1)  0.000  0.000
  67 N   1.00000 0.00000 0.00000 ( 1)  0.000  0.000
  68 A   1.00000 0.00000 0.00000 ( 1)  0.000  0.000
  69 V   1.00000 0.00000 0.00000 ( 1)  0.000  0.000
  70 Q   1.00000 0.00000 0.00000 ( 1)  0.000  0.000
  71 S   1.00000 0.00000 0.00000 ( 1)  0.000  0.000
  72 I   1.00000 0.00000 0.00000 ( 1)  0.000  0.000
  73 C   1.00000 0.00000 0.00000 ( 1)  0.000  0.000
  74 N   1.00000 0.00000 0.00000 ( 1)  0.000  0.000
  75 A   1.00000 0.00000 0.00000 ( 1)  0.000  0.000
  76 L   1.00000 0.00000 0.00000 ( 1)  0.000  0.000
  77 G   1.00000 0.00000 0.00000 ( 1)  0.000  0.000
  78 V   1.00000 0.00000 0.00000 ( 1)  0.000  0.000
  79 P   1.00000 0.00000 0.00000 ( 1)  0.000  0.000
  80 H   1.00000 0.00000 0.00000 ( 1)  0.000  0.000
  81 I   1.00000 0.00000 0.00000 ( 1)  0.000  0.000
  82 Q   1.00000 0.00000 0.00000 ( 1)  0.000  0.000
  83 T   1.00000 0.00000 0.00000 ( 1)  0.000  0.000
  84 R   1.00000 0.00000 0.00000 ( 1)  0.000  0.000
  85 W   1.00000 0.00000 0.00000 ( 1)  0.000  0.000
  86 K   1.00000 0.00000 0.00000 ( 1)  0.000  0.000
  87 H   1.00000 0.00000 0.00000 ( 1)  0.000  0.000
  88 Q   1.00000 0.00000 0.00000 ( 1)  0.000  0.000
  89 V   1.00000 0.00000 0.00000 ( 1)  0.000  0.000
  90 S   1.00000 0.00000 0.00000 ( 1)  0.000  0.000
  91 D   1.00000 0.00000 0.00000 ( 1)  0.000  0.000
  92 N   1.00000 0.00000 0.00000 ( 1)  0.000  0.000
  93 K   1.00000 0.00000 0.00000 ( 1)  0.000  0.000
  94 D   1.00000 0.00000 0.00000 ( 1)  0.000  0.000
  95 S   1.00000 0.00000 0.00000 ( 1)  0.000  0.000
  96 F   1.00000 0.00000 0.00000 ( 1)  0.000  0.000
  97 Y   1.00000 0.00000 0.00000 ( 1)  0.000  0.000
  98 V   1.00000 0.00000 0.00000 ( 1)  0.000  0.000
  99 S   1.00000 0.00000 0.00000 ( 1)  0.000  0.000
 100 L   1.00000 0.00000 0.00000 ( 1)  0.000  0.000
 101 Y   1.00000 0.00000 0.00000 ( 1)  0.000  0.000
 102 P   1.00000 0.00000 0.00000 ( 1)  0.000  0.000
 103 D   1.00000 0.00000 0.00000 ( 1)  0.000  0.000
 104 F   1.00000 0.00000 0.00000 ( 1)  0.000  0.000
 105 S   1.00000 0.00000 0.00000 ( 1)  0.000  0.000
 106 S   1.00000 0.00000 0.00000 ( 1)  0.000  0.000
 107 L   1.00000 0.00000 0.00000 ( 1)  0.000  0.000
 108 S   1.00000 0.00000 0.00000 ( 1)  0.000  0.000
 109 R   1.00000 0.00000 0.00000 ( 1)  0.000  0.000
 110 A   1.00000 0.00000 0.00000 ( 1)  0.000  0.000
 111 I   1.00000 0.00000 0.00000 ( 1)  0.000  0.000
 112 L   1.00000 0.00000 0.00000 ( 1)  0.000  0.000
 113 D   1.00000 0.00000 0.00000 ( 1)  0.000  0.000
 114 L   1.00000 0.00000 0.00000 ( 1)  0.000  0.000
 115 V   1.00000 0.00000 0.00000 ( 1)  0.000  0.000
 116 Q   1.00000 0.00000 0.00000 ( 1)  0.000  0.000
 117 F   1.00000 0.00000 0.00000 ( 1)  0.000  0.000
 118 F   1.00000 0.00000 0.00000 ( 1)  0.000  0.000
 119 K   1.00000 0.00000 0.00000 ( 1)  0.000  0.000
 120 W   1.00000 0.00000 0.00000 ( 1)  0.000  0.000
 121 K   1.00000 0.00000 0.00000 ( 1)  0.000  0.000
 122 T   1.00000 0.00000 0.00000 ( 1)  0.000  0.000
 123 V   1.00000 0.00000 0.00000 ( 1)  0.000  0.000
 124 T   1.00000 0.00000 0.00000 ( 1)  0.000  0.000
 125 V   1.00000 0.00000 0.00000 ( 1)  0.000  0.000
 126 V   1.00000 0.00000 0.00000 ( 1)  0.000  0.000
 127 Y   1.00000 0.00000 0.00000 ( 1)  0.000  0.000
 128 D   1.00000 0.00000 0.00000 ( 1)  0.000  0.000
 129 D   1.00000 0.00000 0.00000 ( 1)  0.000  0.000
 130 S   1.00000 0.00000 0.00000 ( 1)  0.000  0.000
 131 T   1.00000 0.00000 0.00000 ( 1)  0.000  0.000

Positively selected sites

	Prob(w>1)  mean w



lnL = -1407.365064

Bayes Empirical Bayes (BEB) probabilities for 3 classes (class) & postmean_w
(amino acids refer to 1st sequence: homosapiens)

   1 M   0.99996 0.00004 0.00000 ( 1)  0.050 +-  0.006
   2 G   0.99942 0.00058 0.00001 ( 1)  0.051 +-  0.023
   3 A   0.99964 0.00035 0.00000 ( 1)  0.050 +-  0.018
   4 E   0.99978 0.00022 0.00000 ( 1)  0.050 +-  0.014
   5 E   0.99978 0.00022 0.00000 ( 1)  0.050 +-  0.014
   6 L   0.99964 0.00035 0.00000 ( 1)  0.050 +-  0.018
   7 A   0.99964 0.00035 0.00000 ( 1)  0.050 +-  0.018
   8 F   0.99987 0.00013 0.00000 ( 1)  0.050 +-  0.011
   9 R   0.99964 0.00035 0.00000 ( 1)  0.050 +-  0.018
  10 F   0.99987 0.00013 0.00000 ( 1)  0.050 +-  0.011
  11 A   0.99964 0.00035 0.00000 ( 1)  0.050 +-  0.018
  12 V   0.99964 0.00035 0.00000 ( 1)  0.050 +-  0.018
  13 N   0.99986 0.00014 0.00000 ( 1)  0.050 +-  0.011
  14 T   0.99964 0.00035 0.00000 ( 1)  0.050 +-  0.018
  15 I   0.99978 0.00022 0.00000 ( 1)  0.050 +-  0.014
  16 N   0.99987 0.00013 0.00000 ( 1)  0.050 +-  0.011
  17 R   0.99966 0.00034 0.00000 ( 1)  0.050 +-  0.018
  18 N   0.99987 0.00013 0.00000 ( 1)  0.050 +-  0.011
  19 R   0.99967 0.00033 0.00000 ( 1)  0.050 +-  0.017
  20 T   0.99964 0.00035 0.00000 ( 1)  0.050 +-  0.018
  21 L   0.99904 0.00094 0.00002 ( 1)  0.051 +-  0.030
  22 L   0.99888 0.00110 0.00002 ( 1)  0.051 +-  0.032
  23 P   0.99964 0.00035 0.00000 ( 1)  0.050 +-  0.018
  24 N   0.99987 0.00013 0.00000 ( 1)  0.050 +-  0.011
  25 T   0.99964 0.00035 0.00000 ( 1)  0.050 +-  0.018
  26 T   0.99964 0.00035 0.00000 ( 1)  0.050 +-  0.018
  27 L   0.99919 0.00079 0.00001 ( 1)  0.051 +-  0.027
  28 T   0.99964 0.00035 0.00000 ( 1)  0.050 +-  0.018
  29 Y   0.99965 0.00035 0.00000 ( 1)  0.050 +-  0.018
  30 D   0.99986 0.00014 0.00000 ( 1)  0.050 +-  0.011
  31 T   0.99964 0.00035 0.00000 ( 1)  0.050 +-  0.018
  32 Q   0.99953 0.00047 0.00001 ( 1)  0.050 +-  0.021
  33 K   0.99979 0.00021 0.00000 ( 1)  0.050 +-  0.014
  34 I   0.99987 0.00012 0.00000 ( 1)  0.050 +-  0.011
  35 N   0.99986 0.00014 0.00000 ( 1)  0.050 +-  0.011
  36 L   0.99964 0.00036 0.00000 ( 1)  0.050 +-  0.018
  37 Y   0.99965 0.00035 0.00000 ( 1)  0.050 +-  0.018
  38 D   0.99986 0.00013 0.00000 ( 1)  0.050 +-  0.011
  39 S   0.99987 0.00013 0.00000 ( 1)  0.050 +-  0.011
  40 F   0.99987 0.00013 0.00000 ( 1)  0.050 +-  0.011
  41 E   0.99979 0.00021 0.00000 ( 1)  0.050 +-  0.014
  42 A   0.99964 0.00035 0.00000 ( 1)  0.050 +-  0.018
  43 S   0.99964 0.00035 0.00000 ( 1)  0.050 +-  0.018
  44 K   0.99979 0.00021 0.00000 ( 1)  0.050 +-  0.014
  45 K   0.99978 0.00021 0.00000 ( 1)  0.050 +-  0.014
  46 A   0.99964 0.00035 0.00000 ( 1)  0.050 +-  0.018
  47 C   0.99979 0.00021 0.00000 ( 1)  0.050 +-  0.014
  48 D   0.99987 0.00013 0.00000 ( 1)  0.050 +-  0.011
  49 Q   0.99953 0.00047 0.00001 ( 1)  0.050 +-  0.021
  50 L   0.99875 0.00123 0.00002 ( 1)  0.051 +-  0.034
  51 S   0.99964 0.00035 0.00000 ( 1)  0.050 +-  0.018
  52 L   0.99964 0.00035 0.00000 ( 1)  0.050 +-  0.018
  53 G   0.99964 0.00036 0.00000 ( 1)  0.050 +-  0.018
  54 V   0.99964 0.00035 0.00000 ( 1)  0.050 +-  0.018
  55 A   0.99964 0.00035 0.00000 ( 1)  0.050 +-  0.018
  56 A   0.99964 0.00035 0.00000 ( 1)  0.050 +-  0.018
  57 I   0.99979 0.00021 0.00000 ( 1)  0.050 +-  0.014
  58 F   0.99986 0.00013 0.00000 ( 1)  0.050 +-  0.011
  59 G   0.99964 0.00035 0.00000 ( 1)  0.050 +-  0.018
  60 P   0.99964 0.00035 0.00000 ( 1)  0.050 +-  0.018
  61 S   0.99908 0.00091 0.00002 ( 1)  0.051 +-  0.029
  62 H   0.99987 0.00013 0.00000 ( 1)  0.050 +-  0.011
  63 S   0.99987 0.00013 0.00000 ( 1)  0.050 +-  0.011
  64 S   0.99933 0.00066 0.00001 ( 1)  0.051 +-  0.025
  65 S   0.99912 0.00087 0.00001 ( 1)  0.051 +-  0.029
  66 A   0.99964 0.00035 0.00000 ( 1)  0.050 +-  0.018
  67 N   0.99987 0.00013 0.00000 ( 1)  0.050 +-  0.011
  68 A   0.99964 0.00035 0.00000 ( 1)  0.050 +-  0.018
  69 V   0.99964 0.00035 0.00000 ( 1)  0.050 +-  0.018
  70 Q   0.99952 0.00048 0.00001 ( 1)  0.050 +-  0.021
  71 S   0.99963 0.00037 0.00000 ( 1)  0.050 +-  0.018
  72 I   0.99979 0.00021 0.00000 ( 1)  0.050 +-  0.014
  73 C   0.99979 0.00021 0.00000 ( 1)  0.050 +-  0.014
  74 N   0.99987 0.00013 0.00000 ( 1)  0.050 +-  0.011
  75 A   0.99964 0.00035 0.00000 ( 1)  0.050 +-  0.018
  76 L   0.99869 0.00128 0.00003 ( 1)  0.051 +-  0.035
  77 G   0.99960 0.00039 0.00000 ( 1)  0.050 +-  0.019
  78 V   0.99964 0.00035 0.00000 ( 1)  0.050 +-  0.018
  79 P   0.99964 0.00035 0.00000 ( 1)  0.050 +-  0.018
  80 H   0.99987 0.00013 0.00000 ( 1)  0.050 +-  0.011
  81 I   0.99986 0.00014 0.00000 ( 1)  0.050 +-  0.011
  82 Q   0.99953 0.00047 0.00001 ( 1)  0.050 +-  0.021
  83 T   0.99964 0.00035 0.00000 ( 1)  0.050 +-  0.018
  84 R   0.99964 0.00035 0.00000 ( 1)  0.050 +-  0.018
  85 W   0.99953 0.00046 0.00001 ( 1)  0.050 +-  0.021
  86 K   0.99979 0.00021 0.00000 ( 1)  0.050 +-  0.014
  87 H   0.99987 0.00013 0.00000 ( 1)  0.050 +-  0.011
  88 Q   0.99952 0.00048 0.00001 ( 1)  0.050 +-  0.021
  89 V   0.99964 0.00035 0.00000 ( 1)  0.050 +-  0.018
  90 S   0.99910 0.00088 0.00002 ( 1)  0.051 +-  0.029
  91 D   0.99987 0.00013 0.00000 ( 1)  0.050 +-  0.011
  92 N   0.99986 0.00013 0.00000 ( 1)  0.050 +-  0.011
  93 K   0.99978 0.00022 0.00000 ( 1)  0.050 +-  0.014
  94 D   0.99987 0.00013 0.00000 ( 1)  0.050 +-  0.011
  95 S   0.99964 0.00035 0.00000 ( 1)  0.050 +-  0.018
  96 F   0.99987 0.00013 0.00000 ( 1)  0.050 +-  0.011
  97 Y   0.99965 0.00035 0.00000 ( 1)  0.050 +-  0.018
  98 V   0.99964 0.00035 0.00000 ( 1)  0.050 +-  0.018
  99 S   0.99987 0.00013 0.00000 ( 1)  0.050 +-  0.011
 100 L   0.99964 0.00035 0.00000 ( 1)  0.050 +-  0.018
 101 Y   0.99965 0.00035 0.00000 ( 1)  0.050 +-  0.018
 102 P   0.99964 0.00035 0.00000 ( 1)  0.050 +-  0.018
 103 D   0.99987 0.00013 0.00000 ( 1)  0.050 +-  0.011
 104 F   0.99987 0.00013 0.00000 ( 1)  0.050 +-  0.011
 105 S   0.99964 0.00035 0.00000 ( 1)  0.050 +-  0.018
 106 S   0.99926 0.00073 0.00001 ( 1)  0.051 +-  0.026
 107 L   0.99963 0.00037 0.00000 ( 1)  0.050 +-  0.018
 108 S   0.99987 0.00013 0.00000 ( 1)  0.050 +-  0.011
 109 R   0.99964 0.00035 0.00000 ( 1)  0.050 +-  0.018
 110 A   0.99964 0.00035 0.00000 ( 1)  0.050 +-  0.018
 111 I   0.99978 0.00022 0.00000 ( 1)  0.050 +-  0.014
 112 L   0.99895 0.00103 0.00002 ( 1)  0.051 +-  0.031
 113 D   0.99987 0.00013 0.00000 ( 1)  0.050 +-  0.011
 114 L   0.99896 0.00102 0.00002 ( 1)  0.051 +-  0.031
 115 V   0.99964 0.00035 0.00000 ( 1)  0.050 +-  0.018
 116 Q   0.99952 0.00047 0.00001 ( 1)  0.050 +-  0.021
 117 F   0.99986 0.00014 0.00000 ( 1)  0.050 +-  0.011
 118 F   0.99987 0.00013 0.00000 ( 1)  0.050 +-  0.011
 119 K   0.99979 0.00021 0.00000 ( 1)  0.050 +-  0.014
 120 W   0.99953 0.00046 0.00001 ( 1)  0.050 +-  0.021
 121 K   0.99978 0.00021 0.00000 ( 1)  0.050 +-  0.014
 122 T   0.99964 0.00035 0.00000 ( 1)  0.050 +-  0.018
 123 V   0.99964 0.00035 0.00000 ( 1)  0.050 +-  0.018
 124 T   0.99964 0.00035 0.00000 ( 1)  0.050 +-  0.018
 125 V   0.99964 0.00035 0.00000 ( 1)  0.050 +-  0.018
 126 V   0.99964 0.00035 0.00000 ( 1)  0.050 +-  0.018
 127 Y   0.99965 0.00035 0.00000 ( 1)  0.050 +-  0.018
 128 D   0.99987 0.00013 0.00000 ( 1)  0.050 +-  0.011
 129 D   0.99987 0.00013 0.00000 ( 1)  0.050 +-  0.011
 130 S   0.99987 0.00013 0.00000 ( 1)  0.050 +-  0.011
 131 T   0.99964 0.00035 0.00000 ( 1)  0.050 +-  0.018

Positively selected sites

	Prob(w>1)  mean w



Model 7: beta

MLEs of dN/dS (w) for site classes (K=10)

p:   0.10000  0.10000  0.10000  0.10000  0.10000  0.10000  0.10000  0.10000  0.10000  0.10000
w:   0.00000  0.00000  0.00000  0.00000  0.00000  0.00000  0.00000  0.00000  0.00000  0.00000

Naive Empirical Bayes (NEB) probabilities for 10 classes & postmean_w
(amino acids refer to 1st sequence: homosapiens)

   1 M   0.10000 0.10000 0.10000 0.10000 0.10000 0.10000 0.10000 0.10000 0.10000 0.10000 ( 2)  0.000
   2 G   0.10000 0.10000 0.10000 0.10000 0.10000 0.10000 0.10000 0.10000 0.10000 0.10000 ( 6)  0.000
   3 A   0.10000 0.10000 0.10000 0.10000 0.10000 0.10000 0.10000 0.10000 0.10000 0.10000 ( 1)  0.000
   4 E   0.10000 0.10000 0.10000 0.10000 0.10000 0.10000 0.10000 0.10000 0.10000 0.10000 ( 2)  0.000
   5 E   0.10000 0.10000 0.10000 0.10000 0.10000 0.10000 0.10000 0.10000 0.10000 0.10000 ( 1)  0.000
   6 L   0.10000 0.10000 0.10000 0.10000 0.10000 0.10000 0.10000 0.10000 0.10000 0.10000 ( 1)  0.000
   7 A   0.10000 0.10000 0.10000 0.10000 0.10000 0.10000 0.10000 0.10000 0.10000 0.10000 ( 1)  0.000
   8 F   0.10000 0.10000 0.10000 0.10000 0.10000 0.10000 0.10000 0.10000 0.10000 0.10000 ( 1)  0.000
   9 R   0.10000 0.10000 0.10000 0.10000 0.10000 0.10000 0.10000 0.10000 0.10000 0.10000 ( 2)  0.000
  10 F   0.10000 0.10000 0.10000 0.10000 0.10000 0.10000 0.10000 0.10000 0.10000 0.10000 ( 1)  0.000
  11 A   0.10000 0.10000 0.10000 0.10000 0.10000 0.10000 0.10000 0.10000 0.10000 0.10000 ( 1)  0.000
  12 V   0.10000 0.10000 0.10000 0.10000 0.10000 0.10000 0.10000 0.10000 0.10000 0.10000 ( 2)  0.000
  13 N   0.10000 0.10000 0.10000 0.10000 0.10000 0.10000 0.10000 0.10000 0.10000 0.10000 ( 1)  0.000
  14 T   0.10000 0.10000 0.10000 0.10000 0.10000 0.10000 0.10000 0.10000 0.10000 0.10000 ( 2)  0.000
  15 I   0.10000 0.10000 0.10000 0.10000 0.10000 0.10000 0.10000 0.10000 0.10000 0.10000 ( 1)  0.000
  16 N   0.10000 0.10000 0.10000 0.10000 0.10000 0.10000 0.10000 0.10000 0.10000 0.10000 ( 2)  0.000
  17 R   0.10000 0.10000 0.10000 0.10000 0.10000 0.10000 0.10000 0.10000 0.10000 0.10000 ( 2)  0.000
  18 N   0.10000 0.10000 0.10000 0.10000 0.10000 0.10000 0.10000 0.10000 0.10000 0.10000 ( 2)  0.000
  19 R   0.10000 0.10000 0.10000 0.10000 0.10000 0.10000 0.10000 0.10000 0.10000 0.10000 ( 2)  0.000
  20 T   0.10000 0.10000 0.10000 0.10000 0.10000 0.10000 0.10000 0.10000 0.10000 0.10000 ( 1)  0.000
  21 L   0.10000 0.10000 0.10000 0.10000 0.10000 0.10000 0.10000 0.10000 0.10000 0.10000 ( 3)  0.000
  22 L   0.10000 0.10000 0.10000 0.10000 0.10000 0.10000 0.10000 0.10000 0.10000 0.10000 ( 7)  0.000
  23 P   0.10000 0.10000 0.10000 0.10000 0.10000 0.10000 0.10000 0.10000 0.10000 0.10000 ( 2)  0.000
  24 N   0.10000 0.10000 0.10000 0.10000 0.10000 0.10000 0.10000 0.10000 0.10000 0.10000 ( 2)  0.000
  25 T   0.10000 0.10000 0.10000 0.10000 0.10000 0.10000 0.10000 0.10000 0.10000 0.10000 ( 2)  0.000
  26 T   0.10000 0.10000 0.10000 0.10000 0.10000 0.10000 0.10000 0.10000 0.10000 0.10000 ( 1)  0.000
  27 L   0.10000 0.10000 0.10000 0.10000 0.10000 0.10000 0.10000 0.10000 0.10000 0.10000 ( 7)  0.000
  28 T   0.10000 0.10000 0.10000 0.10000 0.10000 0.10000 0.10000 0.10000 0.10000 0.10000 ( 2)  0.000
  29 Y   0.10000 0.10000 0.10000 0.10000 0.10000 0.10000 0.10000 0.10000 0.10000 0.10000 ( 1)  0.000
  30 D   0.10000 0.10000 0.10000 0.10000 0.10000 0.10000 0.10000 0.10000 0.10000 0.10000 ( 1)  0.000
  31 T   0.10000 0.10000 0.10000 0.10000 0.10000 0.10000 0.10000 0.10000 0.10000 0.10000 ( 2)  0.000
  32 Q   0.10000 0.10000 0.10000 0.10000 0.10000 0.10000 0.10000 0.10000 0.10000 0.10000 ( 1)  0.000
  33 K   0.10000 0.10000 0.10000 0.10000 0.10000 0.10000 0.10000 0.10000 0.10000 0.10000 ( 1)  0.000
  34 I   0.10000 0.10000 0.10000 0.10000 0.10000 0.10000 0.10000 0.10000 0.10000 0.10000 ( 1)  0.000
  35 N   0.10000 0.10000 0.10000 0.10000 0.10000 0.10000 0.10000 0.10000 0.10000 0.10000 ( 1)  0.000
  36 L   0.10000 0.10000 0.10000 0.10000 0.10000 0.10000 0.10000 0.10000 0.10000 0.10000 ( 2)  0.000
  37 Y   0.10000 0.10000 0.10000 0.10000 0.10000 0.10000 0.10000 0.10000 0.10000 0.10000 ( 1)  0.000
  38 D   0.10000 0.10000 0.10000 0.10000 0.10000 0.10000 0.10000 0.10000 0.10000 0.10000 ( 2)  0.000
  39 S   0.10000 0.10000 0.10000 0.10000 0.10000 0.10000 0.10000 0.10000 0.10000 0.10000 ( 1)  0.000
  40 F   0.10000 0.10000 0.10000 0.10000 0.10000 0.10000 0.10000 0.10000 0.10000 0.10000 ( 1)  0.000
  41 E   0.10000 0.10000 0.10000 0.10000 0.10000 0.10000 0.10000 0.10000 0.10000 0.10000 ( 2)  0.000
  42 A   0.10000 0.10000 0.10000 0.10000 0.10000 0.10000 0.10000 0.10000 0.10000 0.10000 ( 2)  0.000
  43 S   0.10000 0.10000 0.10000 0.10000 0.10000 0.10000 0.10000 0.10000 0.10000 0.10000 ( 2)  0.000
  44 K   0.10000 0.10000 0.10000 0.10000 0.10000 0.10000 0.10000 0.10000 0.10000 0.10000 ( 1)  0.000
  45 K   0.10000 0.10000 0.10000 0.10000 0.10000 0.10000 0.10000 0.10000 0.10000 0.10000 ( 1)  0.000
  46 A   0.10000 0.10000 0.10000 0.10000 0.10000 0.10000 0.10000 0.10000 0.10000 0.10000 ( 1)  0.000
  47 C   0.10000 0.10000 0.10000 0.10000 0.10000 0.10000 0.10000 0.10000 0.10000 0.10000 ( 1)  0.000
  48 D   0.10000 0.10000 0.10000 0.10000 0.10000 0.10000 0.10000 0.10000 0.10000 0.10000 ( 2)  0.000
  49 Q   0.10000 0.10000 0.10000 0.10000 0.10000 0.10000 0.10000 0.10000 0.10000 0.10000 ( 1)  0.000
  50 L   0.10000 0.10000 0.10000 0.10000 0.10000 0.10000 0.10000 0.10000 0.10000 0.10000 ( 6)  0.000
  51 S   0.10000 0.10000 0.10000 0.10000 0.10000 0.10000 0.10000 0.10000 0.10000 0.10000 ( 2)  0.000
  52 L   0.10000 0.10000 0.10000 0.10000 0.10000 0.10000 0.10000 0.10000 0.10000 0.10000 ( 1)  0.000
  53 G   0.10000 0.10000 0.10000 0.10000 0.10000 0.10000 0.10000 0.10000 0.10000 0.10000 ( 1)  0.000
  54 V   0.10000 0.10000 0.10000 0.10000 0.10000 0.10000 0.10000 0.10000 0.10000 0.10000 ( 2)  0.000
  55 A   0.10000 0.10000 0.10000 0.10000 0.10000 0.10000 0.10000 0.10000 0.10000 0.10000 ( 1)  0.000
  56 A   0.10000 0.10000 0.10000 0.10000 0.10000 0.10000 0.10000 0.10000 0.10000 0.10000 ( 1)  0.000
  57 I   0.10000 0.10000 0.10000 0.10000 0.10000 0.10000 0.10000 0.10000 0.10000 0.10000 ( 3)  0.000
  58 F   0.10000 0.10000 0.10000 0.10000 0.10000 0.10000 0.10000 0.10000 0.10000 0.10000 ( 1)  0.000
  59 G   0.10000 0.10000 0.10000 0.10000 0.10000 0.10000 0.10000 0.10000 0.10000 0.10000 ( 1)  0.000
  60 P   0.10000 0.10000 0.10000 0.10000 0.10000 0.10000 0.10000 0.10000 0.10000 0.10000 ( 2)  0.000
  61 S   0.10000 0.10000 0.10000 0.10000 0.10000 0.10000 0.10000 0.10000 0.10000 0.10000 ( 2)  0.000
  62 H   0.10000 0.10000 0.10000 0.10000 0.10000 0.10000 0.10000 0.10000 0.10000 0.10000 ( 1)  0.000
  63 S   0.10000 0.10000 0.10000 0.10000 0.10000 0.10000 0.10000 0.10000 0.10000 0.10000 ( 2)  0.000
  64 S   0.10000 0.10000 0.10000 0.10000 0.10000 0.10000 0.10000 0.10000 0.10000 0.10000 ( 2)  0.000
  65 S   0.10000 0.10000 0.10000 0.10000 0.10000 0.10000 0.10000 0.10000 0.10000 0.10000 ( 6)  0.000
  66 A   0.10000 0.10000 0.10000 0.10000 0.10000 0.10000 0.10000 0.10000 0.10000 0.10000 ( 2)  0.000
  67 N   0.10000 0.10000 0.10000 0.10000 0.10000 0.10000 0.10000 0.10000 0.10000 0.10000 ( 1)  0.000
  68 A   0.10000 0.10000 0.10000 0.10000 0.10000 0.10000 0.10000 0.10000 0.10000 0.10000 ( 1)  0.000
  69 V   0.10000 0.10000 0.10000 0.10000 0.10000 0.10000 0.10000 0.10000 0.10000 0.10000 ( 2)  0.000
  70 Q   0.10000 0.10000 0.10000 0.10000 0.10000 0.10000 0.10000 0.10000 0.10000 0.10000 ( 1)  0.000
  71 S   0.10000 0.10000 0.10000 0.10000 0.10000 0.10000 0.10000 0.10000 0.10000 0.10000 ( 4)  0.000
  72 I   0.10000 0.10000 0.10000 0.10000 0.10000 0.10000 0.10000 0.10000 0.10000 0.10000 ( 3)  0.000
  73 C   0.10000 0.10000 0.10000 0.10000 0.10000 0.10000 0.10000 0.10000 0.10000 0.10000 ( 1)  0.000
  74 N   0.10000 0.10000 0.10000 0.10000 0.10000 0.10000 0.10000 0.10000 0.10000 0.10000 ( 2)  0.000
  75 A   0.10000 0.10000 0.10000 0.10000 0.10000 0.10000 0.10000 0.10000 0.10000 0.10000 ( 1)  0.000
  76 L   0.10000 0.10000 0.10000 0.10000 0.10000 0.10000 0.10000 0.10000 0.10000 0.10000 ( 6)  0.000
  77 G   0.10000 0.10000 0.10000 0.10000 0.10000 0.10000 0.10000 0.10000 0.10000 0.10000 ( 3)  0.000
  78 V   0.10000 0.10000 0.10000 0.10000 0.10000 0.10000 0.10000 0.10000 0.10000 0.10000 ( 1)  0.000
  79 P   0.10000 0.10000 0.10000 0.10000 0.10000 0.10000 0.10000 0.10000 0.10000 0.10000 ( 1)  0.000
  80 H   0.10000 0.10000 0.10000 0.10000 0.10000 0.10000 0.10000 0.10000 0.10000 0.10000 ( 1)  0.000
  81 I   0.10000 0.10000 0.10000 0.10000 0.10000 0.10000 0.10000 0.10000 0.10000 0.10000 ( 1)  0.000
  82 Q   0.10000 0.10000 0.10000 0.10000 0.10000 0.10000 0.10000 0.10000 0.10000 0.10000 ( 1)  0.000
  83 T   0.10000 0.10000 0.10000 0.10000 0.10000 0.10000 0.10000 0.10000 0.10000 0.10000 ( 1)  0.000
  84 R   0.10000 0.10000 0.10000 0.10000 0.10000 0.10000 0.10000 0.10000 0.10000 0.10000 ( 1)  0.000
  85 W   0.10000 0.10000 0.10000 0.10000 0.10000 0.10000 0.10000 0.10000 0.10000 0.10000 ( 2)  0.000
  86 K   0.10000 0.10000 0.10000 0.10000 0.10000 0.10000 0.10000 0.10000 0.10000 0.10000 ( 1)  0.000
  87 H   0.10000 0.10000 0.10000 0.10000 0.10000 0.10000 0.10000 0.10000 0.10000 0.10000 ( 1)  0.000
  88 Q   0.10000 0.10000 0.10000 0.10000 0.10000 0.10000 0.10000 0.10000 0.10000 0.10000 ( 1)  0.000
  89 V   0.10000 0.10000 0.10000 0.10000 0.10000 0.10000 0.10000 0.10000 0.10000 0.10000 ( 2)  0.000
  90 S   0.10000 0.10000 0.10000 0.10000 0.10000 0.10000 0.10000 0.10000 0.10000 0.10000 ( 1)  0.000
  91 D   0.10000 0.10000 0.10000 0.10000 0.10000 0.10000 0.10000 0.10000 0.10000 0.10000 ( 2)  0.000
  92 N   0.10000 0.10000 0.10000 0.10000 0.10000 0.10000 0.10000 0.10000 0.10000 0.10000 ( 2)  0.000
  93 K   0.10000 0.10000 0.10000 0.10000 0.10000 0.10000 0.10000 0.10000 0.10000 0.10000 ( 1)  0.000
  94 D   0.10000 0.10000 0.10000 0.10000 0.10000 0.10000 0.10000 0.10000 0.10000 0.10000 ( 2)  0.000
  95 S   0.10000 0.10000 0.10000 0.10000 0.10000 0.10000 0.10000 0.10000 0.10000 0.10000 ( 2)  0.000
  96 F   0.10000 0.10000 0.10000 0.10000 0.10000 0.10000 0.10000 0.10000 0.10000 0.10000 ( 1)  0.000
  97 Y   0.10000 0.10000 0.10000 0.10000 0.10000 0.10000 0.10000 0.10000 0.10000 0.10000 ( 2)  0.000
  98 V   0.10000 0.10000 0.10000 0.10000 0.10000 0.10000 0.10000 0.10000 0.10000 0.10000 ( 2)  0.000
  99 S   0.10000 0.10000 0.10000 0.10000 0.10000 0.10000 0.10000 0.10000 0.10000 0.10000 ( 1)  0.000
 100 L   0.10000 0.10000 0.10000 0.10000 0.10000 0.10000 0.10000 0.10000 0.10000 0.10000 ( 2)  0.000
 101 Y   0.10000 0.10000 0.10000 0.10000 0.10000 0.10000 0.10000 0.10000 0.10000 0.10000 ( 1)  0.000
 102 P   0.10000 0.10000 0.10000 0.10000 0.10000 0.10000 0.10000 0.10000 0.10000 0.10000 ( 1)  0.000
 103 D   0.10000 0.10000 0.10000 0.10000 0.10000 0.10000 0.10000 0.10000 0.10000 0.10000 ( 2)  0.000
 104 F   0.10000 0.10000 0.10000 0.10000 0.10000 0.10000 0.10000 0.10000 0.10000 0.10000 ( 1)  0.000
 105 S   0.10000 0.10000 0.10000 0.10000 0.10000 0.10000 0.10000 0.10000 0.10000 0.10000 ( 1)  0.000
 106 S   0.10000 0.10000 0.10000 0.10000 0.10000 0.10000 0.10000 0.10000 0.10000 0.10000 ( 6)  0.000
 107 L   0.10000 0.10000 0.10000 0.10000 0.10000 0.10000 0.10000 0.10000 0.10000 0.10000 ( 7)  0.000
 108 S   0.10000 0.10000 0.10000 0.10000 0.10000 0.10000 0.10000 0.10000 0.10000 0.10000 ( 2)  0.000
 109 R   0.10000 0.10000 0.10000 0.10000 0.10000 0.10000 0.10000 0.10000 0.10000 0.10000 ( 1)  0.000
 110 A   0.10000 0.10000 0.10000 0.10000 0.10000 0.10000 0.10000 0.10000 0.10000 0.10000 ( 1)  0.000
 111 I   0.10000 0.10000 0.10000 0.10000 0.10000 0.10000 0.10000 0.10000 0.10000 0.10000 ( 1)  0.000
 112 L   0.10000 0.10000 0.10000 0.10000 0.10000 0.10000 0.10000 0.10000 0.10000 0.10000 ( 3)  0.000
 113 D   0.10000 0.10000 0.10000 0.10000 0.10000 0.10000 0.10000 0.10000 0.10000 0.10000 ( 2)  0.000
 114 L   0.10000 0.10000 0.10000 0.10000 0.10000 0.10000 0.10000 0.10000 0.10000 0.10000 ( 4)  0.000
 115 V   0.10000 0.10000 0.10000 0.10000 0.10000 0.10000 0.10000 0.10000 0.10000 0.10000 ( 2)  0.000
 116 Q   0.10000 0.10000 0.10000 0.10000 0.10000 0.10000 0.10000 0.10000 0.10000 0.10000 ( 1)  0.000
 117 F   0.10000 0.10000 0.10000 0.10000 0.10000 0.10000 0.10000 0.10000 0.10000 0.10000 ( 4)  0.000
 118 F   0.10000 0.10000 0.10000 0.10000 0.10000 0.10000 0.10000 0.10000 0.10000 0.10000 ( 1)  0.000
 119 K   0.10000 0.10000 0.10000 0.10000 0.10000 0.10000 0.10000 0.10000 0.10000 0.10000 ( 1)  0.000
 120 W   0.10000 0.10000 0.10000 0.10000 0.10000 0.10000 0.10000 0.10000 0.10000 0.10000 ( 2)  0.000
 121 K   0.10000 0.10000 0.10000 0.10000 0.10000 0.10000 0.10000 0.10000 0.10000 0.10000 ( 1)  0.000
 122 T   0.10000 0.10000 0.10000 0.10000 0.10000 0.10000 0.10000 0.10000 0.10000 0.10000 ( 2)  0.000
 123 V   0.10000 0.10000 0.10000 0.10000 0.10000 0.10000 0.10000 0.10000 0.10000 0.10000 ( 1)  0.000
 124 T   0.10000 0.10000 0.10000 0.10000 0.10000 0.10000 0.10000 0.10000 0.10000 0.10000 ( 2)  0.000
 125 V   0.10000 0.10000 0.10000 0.10000 0.10000 0.10000 0.10000 0.10000 0.10000 0.10000 ( 2)  0.000
 126 V   0.10000 0.10000 0.10000 0.10000 0.10000 0.10000 0.10000 0.10000 0.10000 0.10000 ( 1)  0.000
 127 Y   0.10000 0.10000 0.10000 0.10000 0.10000 0.10000 0.10000 0.10000 0.10000 0.10000 ( 1)  0.000
 128 D   0.10000 0.10000 0.10000 0.10000 0.10000 0.10000 0.10000 0.10000 0.10000 0.10000 ( 2)  0.000
 129 D   0.10000 0.10000 0.10000 0.10000 0.10000 0.10000 0.10000 0.10000 0.10000 0.10000 ( 2)  0.000
 130 S   0.10000 0.10000 0.10000 0.10000 0.10000 0.10000 0.10000 0.10000 0.10000 0.10000 ( 2)  0.000
 131 T   0.10000 0.10000 0.10000 0.10000 0.10000 0.10000 0.10000 0.10000 0.10000 0.10000 ( 2)  0.000


lnL = -1407.364377


Model 8: beta&w>1

MLEs of dN/dS (w) for site classes (K=11)

p:   0.10000  0.10000  0.10000  0.10000  0.10000  0.10000  0.10000  0.10000  0.10000  0.10000  0.00001
w:   0.00000  0.00000  0.00000  0.00000  0.00000  0.00000  0.00000  0.00000  0.00000  0.00000  2.33256
(note that p[10] is zero)


Naive Empirical Bayes (NEB) probabilities for 11 classes & postmean_w & P(w>1)
(amino acids refer to 1st sequence: homosapiens)

   1 M   0.10000 0.10000 0.10000 0.10000 0.10000 0.10000 0.10000 0.10000 0.10000 0.10000 0.00000 ( 1)  0.000  0.000
   2 G   0.10000 0.10000 0.10000 0.10000 0.10000 0.10000 0.10000 0.10000 0.10000 0.10000 0.00000 ( 3)  0.000  0.000
   3 A   0.10000 0.10000 0.10000 0.10000 0.10000 0.10000 0.10000 0.10000 0.10000 0.10000 0.00000 ( 1)  0.000  0.000
   4 E   0.10000 0.10000 0.10000 0.10000 0.10000 0.10000 0.10000 0.10000 0.10000 0.10000 0.00000 ( 1)  0.000  0.000
   5 E   0.10000 0.10000 0.10000 0.10000 0.10000 0.10000 0.10000 0.10000 0.10000 0.10000 0.00000 ( 2)  0.000  0.000
   6 L   0.10000 0.10000 0.10000 0.10000 0.10000 0.10000 0.10000 0.10000 0.10000 0.10000 0.00000 ( 1)  0.000  0.000
   7 A   0.10000 0.10000 0.10000 0.10000 0.10000 0.10000 0.10000 0.10000 0.10000 0.10000 0.00000 ( 1)  0.000  0.000
   8 F   0.10000 0.10000 0.10000 0.10000 0.10000 0.10000 0.10000 0.10000 0.10000 0.10000 0.00000 ( 1)  0.000  0.000
   9 R   0.10000 0.10000 0.10000 0.10000 0.10000 0.10000 0.10000 0.10000 0.10000 0.10000 0.00000 ( 1)  0.000  0.000
  10 F   0.10000 0.10000 0.10000 0.10000 0.10000 0.10000 0.10000 0.10000 0.10000 0.10000 0.00000 ( 1)  0.000  0.000
  11 A   0.10000 0.10000 0.10000 0.10000 0.10000 0.10000 0.10000 0.10000 0.10000 0.10000 0.00000 ( 1)  0.000  0.000
  12 V   0.10000 0.10000 0.10000 0.10000 0.10000 0.10000 0.10000 0.10000 0.10000 0.10000 0.00000 ( 1)  0.000  0.000
  13 N   0.10000 0.10000 0.10000 0.10000 0.10000 0.10000 0.10000 0.10000 0.10000 0.10000 0.00000 ( 1)  0.000  0.000
  14 T   0.10000 0.10000 0.10000 0.10000 0.10000 0.10000 0.10000 0.10000 0.10000 0.10000 0.00000 ( 2)  0.000  0.000
  15 I   0.10000 0.10000 0.10000 0.10000 0.10000 0.10000 0.10000 0.10000 0.10000 0.10000 0.00000 ( 1)  0.000  0.000
  16 N   0.10000 0.10000 0.10000 0.10000 0.10000 0.10000 0.10000 0.10000 0.10000 0.10000 0.00000 ( 1)  0.000  0.000
  17 R   0.10000 0.10000 0.10000 0.10000 0.10000 0.10000 0.10000 0.10000 0.10000 0.10000 0.00000 ( 1)  0.000  0.000
  18 N   0.10000 0.10000 0.10000 0.10000 0.10000 0.10000 0.10000 0.10000 0.10000 0.10000 0.00000 ( 1)  0.000  0.000
  19 R   0.10000 0.10000 0.10000 0.10000 0.10000 0.10000 0.10000 0.10000 0.10000 0.10000 0.00000 ( 1)  0.000  0.000
  20 T   0.10000 0.10000 0.10000 0.10000 0.10000 0.10000 0.10000 0.10000 0.10000 0.10000 0.00000 ( 1)  0.000  0.000
  21 L   0.10000 0.10000 0.10000 0.10000 0.10000 0.10000 0.10000 0.10000 0.10000 0.10000 0.00000 ( 3)  0.000  0.000
  22 L   0.10000 0.10000 0.10000 0.10000 0.10000 0.10000 0.10000 0.10000 0.10000 0.10000 0.00000 ( 7)  0.000  0.000
  23 P   0.10000 0.10000 0.10000 0.10000 0.10000 0.10000 0.10000 0.10000 0.10000 0.10000 0.00000 ( 2)  0.000  0.000
  24 N   0.10000 0.10000 0.10000 0.10000 0.10000 0.10000 0.10000 0.10000 0.10000 0.10000 0.00000 ( 1)  0.000  0.000
  25 T   0.10000 0.10000 0.10000 0.10000 0.10000 0.10000 0.10000 0.10000 0.10000 0.10000 0.00000 ( 1)  0.000  0.000
  26 T   0.10000 0.10000 0.10000 0.10000 0.10000 0.10000 0.10000 0.10000 0.10000 0.10000 0.00000 ( 2)  0.000  0.000
  27 L   0.10000 0.10000 0.10000 0.10000 0.10000 0.10000 0.10000 0.10000 0.10000 0.10000 0.00000 ( 1)  0.000  0.000
  28 T   0.10000 0.10000 0.10000 0.10000 0.10000 0.10000 0.10000 0.10000 0.10000 0.10000 0.00000 ( 1)  0.000  0.000
  29 Y   0.10000 0.10000 0.10000 0.10000 0.10000 0.10000 0.10000 0.10000 0.10000 0.10000 0.00000 ( 1)  0.000  0.000
  30 D   0.10000 0.10000 0.10000 0.10000 0.10000 0.10000 0.10000 0.10000 0.10000 0.10000 0.00000 ( 2)  0.000  0.000
  31 T   0.10000 0.10000 0.10000 0.10000 0.10000 0.10000 0.10000 0.10000 0.10000 0.10000 0.00000 ( 1)  0.000  0.000
  32 Q   0.10000 0.10000 0.10000 0.10000 0.10000 0.10000 0.10000 0.10000 0.10000 0.10000 0.00000 ( 1)  0.000  0.000
  33 K   0.10000 0.10000 0.10000 0.10000 0.10000 0.10000 0.10000 0.10000 0.10000 0.10000 0.00000 ( 2)  0.000  0.000
  34 I   0.10000 0.10000 0.10000 0.10000 0.10000 0.10000 0.10000 0.10000 0.10000 0.10000 0.00000 ( 1)  0.000  0.000
  35 N   0.10000 0.10000 0.10000 0.10000 0.10000 0.10000 0.10000 0.10000 0.10000 0.10000 0.00000 ( 1)  0.000  0.000
  36 L   0.10000 0.10000 0.10000 0.10000 0.10000 0.10000 0.10000 0.10000 0.10000 0.10000 0.00000 ( 3)  0.000  0.000
  37 Y   0.10000 0.10000 0.10000 0.10000 0.10000 0.10000 0.10000 0.10000 0.10000 0.10000 0.00000 ( 1)  0.000  0.000
  38 D   0.10000 0.10000 0.10000 0.10000 0.10000 0.10000 0.10000 0.10000 0.10000 0.10000 0.00000 ( 2)  0.000  0.000
  39 S   0.10000 0.10000 0.10000 0.10000 0.10000 0.10000 0.10000 0.10000 0.10000 0.10000 0.00000 ( 2)  0.000  0.000
  40 F   0.10000 0.10000 0.10000 0.10000 0.10000 0.10000 0.10000 0.10000 0.10000 0.10000 0.00000 ( 1)  0.000  0.000
  41 E   0.10000 0.10000 0.10000 0.10000 0.10000 0.10000 0.10000 0.10000 0.10000 0.10000 0.00000 ( 1)  0.000  0.000
  42 A   0.10000 0.10000 0.10000 0.10000 0.10000 0.10000 0.10000 0.10000 0.10000 0.10000 0.00000 ( 1)  0.000  0.000
  43 S   0.10000 0.10000 0.10000 0.10000 0.10000 0.10000 0.10000 0.10000 0.10000 0.10000 0.00000 ( 3)  0.000  0.000
  44 K   0.10000 0.10000 0.10000 0.10000 0.10000 0.10000 0.10000 0.10000 0.10000 0.10000 0.00000 ( 2)  0.000  0.000
  45 K   0.10000 0.10000 0.10000 0.10000 0.10000 0.10000 0.10000 0.10000 0.10000 0.10000 0.00000 ( 1)  0.000  0.000
  46 A   0.10000 0.10000 0.10000 0.10000 0.10000 0.10000 0.10000 0.10000 0.10000 0.10000 0.00000 ( 1)  0.000  0.000
  47 C   0.10000 0.10000 0.10000 0.10000 0.10000 0.10000 0.10000 0.10000 0.10000 0.10000 0.00000 ( 1)  0.000  0.000
  48 D   0.10000 0.10000 0.10000 0.10000 0.10000 0.10000 0.10000 0.10000 0.10000 0.10000 0.00000 ( 1)  0.000  0.000
  49 Q   0.10000 0.10000 0.10000 0.10000 0.10000 0.10000 0.10000 0.10000 0.10000 0.10000 0.00000 ( 1)  0.000  0.000
  50 L   0.10000 0.10000 0.10000 0.10000 0.10000 0.10000 0.10000 0.10000 0.10000 0.10000 0.00000 ( 6)  0.000  0.000
  51 S   0.10000 0.10000 0.10000 0.10000 0.10000 0.10000 0.10000 0.10000 0.10000 0.10000 0.00000 ( 1)  0.000  0.000
  52 L   0.10000 0.10000 0.10000 0.10000 0.10000 0.10000 0.10000 0.10000 0.10000 0.10000 0.00000 ( 1)  0.000  0.000
  53 G   0.10000 0.10000 0.10000 0.10000 0.10000 0.10000 0.10000 0.10000 0.10000 0.10000 0.00000 ( 3)  0.000  0.000
  54 V   0.10000 0.10000 0.10000 0.10000 0.10000 0.10000 0.10000 0.10000 0.10000 0.10000 0.00000 ( 1)  0.000  0.000
  55 A   0.10000 0.10000 0.10000 0.10000 0.10000 0.10000 0.10000 0.10000 0.10000 0.10000 0.00000 ( 2)  0.000  0.000
  56 A   0.10000 0.10000 0.10000 0.10000 0.10000 0.10000 0.10000 0.10000 0.10000 0.10000 0.00000 ( 2)  0.000  0.000
  57 I   0.10000 0.10000 0.10000 0.10000 0.10000 0.10000 0.10000 0.10000 0.10000 0.10000 0.00000 ( 1)  0.000  0.000
  58 F   0.10000 0.10000 0.10000 0.10000 0.10000 0.10000 0.10000 0.10000 0.10000 0.10000 0.00000 ( 1)  0.000  0.000
  59 G   0.10000 0.10000 0.10000 0.10000 0.10000 0.10000 0.10000 0.10000 0.10000 0.10000 0.00000 ( 1)  0.000  0.000
  60 P   0.10000 0.10000 0.10000 0.10000 0.10000 0.10000 0.10000 0.10000 0.10000 0.10000 0.00000 ( 2)  0.000  0.000
  61 S   0.10000 0.10000 0.10000 0.10000 0.10000 0.10000 0.10000 0.10000 0.10000 0.10000 0.00000 ( 2)  0.000  0.000
  62 H   0.10000 0.10000 0.10000 0.10000 0.10000 0.10000 0.10000 0.10000 0.10000 0.10000 0.00000 ( 2)  0.000  0.000
  63 S   0.10000 0.10000 0.10000 0.10000 0.10000 0.10000 0.10000 0.10000 0.10000 0.10000 0.00000 ( 2)  0.000  0.000
  64 S   0.10000 0.10000 0.10000 0.10000 0.10000 0.10000 0.10000 0.10000 0.10000 0.10000 0.00000 ( 3)  0.000  0.000
  65 S   0.10000 0.10000 0.10000 0.10000 0.10000 0.10000 0.10000 0.10000 0.10000 0.10000 0.00000 ( 1)  0.000  0.000
  66 A   0.10000 0.10000 0.10000 0.10000 0.10000 0.10000 0.10000 0.10000 0.10000 0.10000 0.00000 ( 2)  0.000  0.000
  67 N   0.10000 0.10000 0.10000 0.10000 0.10000 0.10000 0.10000 0.10000 0.10000 0.10000 0.00000 ( 1)  0.000  0.000
  68 A   0.10000 0.10000 0.10000 0.10000 0.10000 0.10000 0.10000 0.10000 0.10000 0.10000 0.00000 ( 1)  0.000  0.000
  69 V   0.10000 0.10000 0.10000 0.10000 0.10000 0.10000 0.10000 0.10000 0.10000 0.10000 0.00000 ( 1)  0.000  0.000
  70 Q   0.10000 0.10000 0.10000 0.10000 0.10000 0.10000 0.10000 0.10000 0.10000 0.10000 0.00000 ( 1)  0.000  0.000
  71 S   0.10000 0.10000 0.10000 0.10000 0.10000 0.10000 0.10000 0.10000 0.10000 0.10000 0.00000 ( 6)  0.000  0.000
  72 I   0.10000 0.10000 0.10000 0.10000 0.10000 0.10000 0.10000 0.10000 0.10000 0.10000 0.00000 ( 1)  0.000  0.000
  73 C   0.10000 0.10000 0.10000 0.10000 0.10000 0.10000 0.10000 0.10000 0.10000 0.10000 0.00000 ( 1)  0.000  0.000
  74 N   0.10000 0.10000 0.10000 0.10000 0.10000 0.10000 0.10000 0.10000 0.10000 0.10000 0.00000 ( 2)  0.000  0.000
  75 A   0.10000 0.10000 0.10000 0.10000 0.10000 0.10000 0.10000 0.10000 0.10000 0.10000 0.00000 ( 1)  0.000  0.000
  76 L   0.10000 0.10000 0.10000 0.10000 0.10000 0.10000 0.10000 0.10000 0.10000 0.10000 0.00000 ( 1)  0.000  0.000
  77 G   0.10000 0.10000 0.10000 0.10000 0.10000 0.10000 0.10000 0.10000 0.10000 0.10000 0.00000 ( 6)  0.000  0.000
  78 V   0.10000 0.10000 0.10000 0.10000 0.10000 0.10000 0.10000 0.10000 0.10000 0.10000 0.00000 ( 1)  0.000  0.000
  79 P   0.10000 0.10000 0.10000 0.10000 0.10000 0.10000 0.10000 0.10000 0.10000 0.10000 0.00000 ( 1)  0.000  0.000
  80 H   0.10000 0.10000 0.10000 0.10000 0.10000 0.10000 0.10000 0.10000 0.10000 0.10000 0.00000 ( 2)  0.000  0.000
  81 I   0.10000 0.10000 0.10000 0.10000 0.10000 0.10000 0.10000 0.10000 0.10000 0.10000 0.00000 ( 1)  0.000  0.000
  82 Q   0.10000 0.10000 0.10000 0.10000 0.10000 0.10000 0.10000 0.10000 0.10000 0.10000 0.00000 ( 1)  0.000  0.000
  83 T   0.10000 0.10000 0.10000 0.10000 0.10000 0.10000 0.10000 0.10000 0.10000 0.10000 0.00000 ( 2)  0.000  0.000
  84 R   0.10000 0.10000 0.10000 0.10000 0.10000 0.10000 0.10000 0.10000 0.10000 0.10000 0.00000 ( 2)  0.000  0.000
  85 W   0.10000 0.10000 0.10000 0.10000 0.10000 0.10000 0.10000 0.10000 0.10000 0.10000 0.00000 ( 2)  0.000  0.000
  86 K   0.10000 0.10000 0.10000 0.10000 0.10000 0.10000 0.10000 0.10000 0.10000 0.10000 0.00000 ( 2)  0.000  0.000
  87 H   0.10000 0.10000 0.10000 0.10000 0.10000 0.10000 0.10000 0.10000 0.10000 0.10000 0.00000 ( 2)  0.000  0.000
  88 Q   0.10000 0.10000 0.10000 0.10000 0.10000 0.10000 0.10000 0.10000 0.10000 0.10000 0.00000 ( 1)  0.000  0.000
  89 V   0.10000 0.10000 0.10000 0.10000 0.10000 0.10000 0.10000 0.10000 0.10000 0.10000 0.00000 ( 1)  0.000  0.000
  90 S   0.10000 0.10000 0.10000 0.10000 0.10000 0.10000 0.10000 0.10000 0.10000 0.10000 0.00000 ( 1)  0.000  0.000
  91 D   0.10000 0.10000 0.10000 0.10000 0.10000 0.10000 0.10000 0.10000 0.10000 0.10000 0.00000 ( 2)  0.000  0.000
  92 N   0.10000 0.10000 0.10000 0.10000 0.10000 0.10000 0.10000 0.10000 0.10000 0.10000 0.00000 ( 1)  0.000  0.000
  93 K   0.10000 0.10000 0.10000 0.10000 0.10000 0.10000 0.10000 0.10000 0.10000 0.10000 0.00000 ( 1)  0.000  0.000
  94 D   0.10000 0.10000 0.10000 0.10000 0.10000 0.10000 0.10000 0.10000 0.10000 0.10000 0.00000 ( 1)  0.000  0.000
  95 S   0.10000 0.10000 0.10000 0.10000 0.10000 0.10000 0.10000 0.10000 0.10000 0.10000 0.00000 ( 2)  0.000  0.000
  96 F   0.10000 0.10000 0.10000 0.10000 0.10000 0.10000 0.10000 0.10000 0.10000 0.10000 0.00000 ( 1)  0.000  0.000
  97 Y   0.10000 0.10000 0.10000 0.10000 0.10000 0.10000 0.10000 0.10000 0.10000 0.10000 0.00000 ( 2)  0.000  0.000
  98 V   0.10000 0.10000 0.10000 0.10000 0.10000 0.10000 0.10000 0.10000 0.10000 0.10000 0.00000 ( 2)  0.000  0.000
  99 S   0.10000 0.10000 0.10000 0.10000 0.10000 0.10000 0.10000 0.10000 0.10000 0.10000 0.00000 ( 2)  0.000  0.000
 100 L   0.10000 0.10000 0.10000 0.10000 0.10000 0.10000 0.10000 0.10000 0.10000 0.10000 0.00000 ( 4)  0.000  0.000
 101 Y   0.10000 0.10000 0.10000 0.10000 0.10000 0.10000 0.10000 0.10000 0.10000 0.10000 0.00000 ( 1)  0.000  0.000
 102 P   0.10000 0.10000 0.10000 0.10000 0.10000 0.10000 0.10000 0.10000 0.10000 0.10000 0.00000 ( 1)  0.000  0.000
 103 D   0.10000 0.10000 0.10000 0.10000 0.10000 0.10000 0.10000 0.10000 0.10000 0.10000 0.00000 ( 2)  0.000  0.000
 104 F   0.10000 0.10000 0.10000 0.10000 0.10000 0.10000 0.10000 0.10000 0.10000 0.10000 0.00000 ( 1)  0.000  0.000
 105 S   0.10000 0.10000 0.10000 0.10000 0.10000 0.10000 0.10000 0.10000 0.10000 0.10000 0.00000 ( 1)  0.000  0.000
 106 S   0.10000 0.10000 0.10000 0.10000 0.10000 0.10000 0.10000 0.10000 0.10000 0.10000 0.00000 ( 2)  0.000  0.000
 107 L   0.10000 0.10000 0.10000 0.10000 0.10000 0.10000 0.10000 0.10000 0.10000 0.10000 0.00000 ( 1)  0.000  0.000
 108 S   0.10000 0.10000 0.10000 0.10000 0.10000 0.10000 0.10000 0.10000 0.10000 0.10000 0.00000 ( 2)  0.000  0.000
 109 R   0.10000 0.10000 0.10000 0.10000 0.10000 0.10000 0.10000 0.10000 0.10000 0.10000 0.00000 ( 2)  0.000  0.000
 110 A   0.10000 0.10000 0.10000 0.10000 0.10000 0.10000 0.10000 0.10000 0.10000 0.10000 0.00000 ( 2)  0.000  0.000
 111 I   0.10000 0.10000 0.10000 0.10000 0.10000 0.10000 0.10000 0.10000 0.10000 0.10000 0.00000 ( 1)  0.000  0.000
 112 L   0.10000 0.10000 0.10000 0.10000 0.10000 0.10000 0.10000 0.10000 0.10000 0.10000 0.00000 ( 7)  0.000  0.000
 113 D   0.10000 0.10000 0.10000 0.10000 0.10000 0.10000 0.10000 0.10000 0.10000 0.10000 0.00000 ( 1)  0.000  0.000
 114 L   0.10000 0.10000 0.10000 0.10000 0.10000 0.10000 0.10000 0.10000 0.10000 0.10000 0.00000 ( 3)  0.000  0.000
 115 V   0.10000 0.10000 0.10000 0.10000 0.10000 0.10000 0.10000 0.10000 0.10000 0.10000 0.00000 ( 1)  0.000  0.000
 116 Q   0.10000 0.10000 0.10000 0.10000 0.10000 0.10000 0.10000 0.10000 0.10000 0.10000 0.00000 ( 1)  0.000  0.000
 117 F   0.10000 0.10000 0.10000 0.10000 0.10000 0.10000 0.10000 0.10000 0.10000 0.10000 0.00000 ( 3)  0.000  0.000
 118 F   0.10000 0.10000 0.10000 0.10000 0.10000 0.10000 0.10000 0.10000 0.10000 0.10000 0.00000 ( 1)  0.000  0.000
 119 K   0.10000 0.10000 0.10000 0.10000 0.10000 0.10000 0.10000 0.10000 0.10000 0.10000 0.00000 ( 2)  0.000  0.000
 120 W   0.10000 0.10000 0.10000 0.10000 0.10000 0.10000 0.10000 0.10000 0.10000 0.10000 0.00000 ( 2)  0.000  0.000
 121 K   0.10000 0.10000 0.10000 0.10000 0.10000 0.10000 0.10000 0.10000 0.10000 0.10000 0.00000 ( 1)  0.000  0.000
 122 T   0.10000 0.10000 0.10000 0.10000 0.10000 0.10000 0.10000 0.10000 0.10000 0.10000 0.00000 ( 1)  0.000  0.000
 123 V   0.10000 0.10000 0.10000 0.10000 0.10000 0.10000 0.10000 0.10000 0.10000 0.10000 0.00000 ( 1)  0.000  0.000
 124 T   0.10000 0.10000 0.10000 0.10000 0.10000 0.10000 0.10000 0.10000 0.10000 0.10000 0.00000 ( 1)  0.000  0.000
 125 V   0.10000 0.10000 0.10000 0.10000 0.10000 0.10000 0.10000 0.10000 0.10000 0.10000 0.00000 ( 1)  0.000  0.000
 126 V   0.10000 0.10000 0.10000 0.10000 0.10000 0.10000 0.10000 0.10000 0.10000 0.10000 0.00000 ( 1)  0.000  0.000
 127 Y   0.10000 0.10000 0.10000 0.10000 0.10000 0.10000 0.10000 0.10000 0.10000 0.10000 0.00000 ( 1)  0.000  0.000
 128 D   0.10000 0.10000 0.10000 0.10000 0.10000 0.10000 0.10000 0.10000 0.10000 0.10000 0.00000 ( 1)  0.000  0.000
 129 D   0.10000 0.10000 0.10000 0.10000 0.10000 0.10000 0.10000 0.10000 0.10000 0.10000 0.00000 ( 2)  0.000  0.000
 130 S   0.10000 0.10000 0.10000 0.10000 0.10000 0.10000 0.10000 0.10000 0.10000 0.10000 0.00000 ( 2)  0.000  0.000
 131 T   0.10000 0.10000 0.10000 0.10000 0.10000 0.10000 0.10000 0.10000 0.10000 0.10000 0.00000 ( 6)  0.000  0.000

Positively selected sites

	Prob(w>1)  mean w



lnL = -1407.365686

Bayes Empirical Bayes (BEB) probabilities for 11 classes (class) & postmean_w
(amino acids refer to 1st sequence: homosapiens)

   1 M   0.96052 0.02854 0.00748 0.00231 0.00076 0.00026 0.00009 0.00003 0.00001 0.00000 0.00000 ( 1)  0.056 +-  0.032
   2 G   0.93853 0.03788 0.01345 0.00562 0.00251 0.00115 0.00052 0.00023 0.00009 0.00002 0.00001 ( 1)  0.060 +-  0.049
   3 A   0.94338 0.03610 0.01216 0.00482 0.00204 0.00089 0.00038 0.00016 0.00006 0.00001 0.00001 ( 1)  0.059 +-  0.045
   4 E   0.94773 0.03437 0.01098 0.00413 0.00166 0.00068 0.00028 0.00011 0.00004 0.00001 0.00000 ( 1)  0.058 +-  0.041
   5 E   0.94774 0.03437 0.01097 0.00413 0.00166 0.00068 0.00028 0.00011 0.00004 0.00001 0.00000 ( 1)  0.058 +-  0.041
   6 L   0.94336 0.03611 0.01216 0.00482 0.00204 0.00089 0.00038 0.00016 0.00006 0.00001 0.00001 ( 1)  0.059 +-  0.045
   7 A   0.94338 0.03610 0.01216 0.00482 0.00204 0.00089 0.00038 0.00016 0.00006 0.00001 0.00001 ( 1)  0.059 +-  0.045
   8 F   0.95171 0.03269 0.00989 0.00353 0.00134 0.00053 0.00020 0.00008 0.00003 0.00001 0.00000 ( 1)  0.057 +-  0.038
   9 R   0.94337 0.03610 0.01216 0.00482 0.00204 0.00089 0.00038 0.00016 0.00006 0.00001 0.00001 ( 1)  0.059 +-  0.045
  10 F   0.95178 0.03267 0.00987 0.00351 0.00134 0.00052 0.00020 0.00008 0.00002 0.00001 0.00000 ( 1)  0.057 +-  0.038
  11 A   0.94338 0.03610 0.01216 0.00482 0.00204 0.00089 0.00038 0.00016 0.00006 0.00001 0.00001 ( 1)  0.059 +-  0.045
  12 V   0.94336 0.03611 0.01216 0.00482 0.00204 0.00089 0.00038 0.00016 0.00006 0.00001 0.00001 ( 1)  0.059 +-  0.045
  13 N   0.95161 0.03272 0.00992 0.00355 0.00136 0.00053 0.00021 0.00008 0.00003 0.00001 0.00000 ( 1)  0.057 +-  0.038
  14 T   0.94337 0.03611 0.01216 0.00482 0.00204 0.00089 0.00038 0.00016 0.00006 0.00001 0.00001 ( 1)  0.059 +-  0.045
  15 I   0.94775 0.03437 0.01097 0.00413 0.00166 0.00068 0.00028 0.00011 0.00004 0.00001 0.00000 ( 1)  0.058 +-  0.041
  16 N   0.95176 0.03268 0.00987 0.00352 0.00134 0.00052 0.00020 0.00008 0.00002 0.00001 0.00000 ( 1)  0.057 +-  0.038
  17 R   0.94403 0.03583 0.01198 0.00472 0.00199 0.00086 0.00037 0.00015 0.00006 0.00001 0.00001 ( 1)  0.059 +-  0.044
  18 N   0.95175 0.03268 0.00988 0.00352 0.00134 0.00052 0.00020 0.00008 0.00003 0.00001 0.00000 ( 1)  0.057 +-  0.038
  19 R   0.94421 0.03577 0.01193 0.00469 0.00197 0.00085 0.00036 0.00015 0.00005 0.00001 0.00001 ( 1)  0.059 +-  0.044
  20 T   0.94340 0.03610 0.01215 0.00482 0.00204 0.00088 0.00038 0.00016 0.00006 0.00001 0.00001 ( 1)  0.059 +-  0.045
  21 L   0.93330 0.03963 0.01481 0.00651 0.00306 0.00147 0.00070 0.00032 0.00013 0.00003 0.00003 ( 1)  0.062 +-  0.054
  22 L   0.93190 0.04005 0.01515 0.00676 0.00322 0.00157 0.00077 0.00036 0.00015 0.00004 0.00004 ( 1)  0.062 +-  0.055
  23 P   0.94338 0.03610 0.01216 0.00482 0.00204 0.00089 0.00038 0.00016 0.00006 0.00001 0.00001 ( 1)  0.059 +-  0.045
  24 N   0.95174 0.03268 0.00988 0.00352 0.00134 0.00052 0.00020 0.00008 0.00003 0.00001 0.00000 ( 1)  0.057 +-  0.038
  25 T   0.94337 0.03611 0.01216 0.00482 0.00204 0.00089 0.00038 0.00016 0.00006 0.00001 0.00001 ( 1)  0.059 +-  0.045
  26 T   0.94340 0.03610 0.01215 0.00482 0.00204 0.00088 0.00038 0.00016 0.00006 0.00001 0.00001 ( 1)  0.059 +-  0.045
  27 L   0.93514 0.03904 0.01433 0.00620 0.00286 0.00135 0.00063 0.00029 0.00011 0.00003 0.00002 ( 1)  0.061 +-  0.052
  28 T   0.94338 0.03610 0.01215 0.00482 0.00204 0.00088 0.00038 0.00016 0.00006 0.00001 0.00001 ( 1)  0.059 +-  0.045
  29 Y   0.94338 0.03610 0.01215 0.00482 0.00204 0.00088 0.00038 0.00016 0.00006 0.00001 0.00001 ( 1)  0.059 +-  0.045
  30 D   0.95162 0.03271 0.00991 0.00354 0.00136 0.00053 0.00021 0.00008 0.00003 0.00001 0.00000 ( 1)  0.057 +-  0.038
  31 T   0.94337 0.03611 0.01216 0.00482 0.00204 0.00089 0.00038 0.00016 0.00006 0.00001 0.00001 ( 1)  0.059 +-  0.045
  32 Q   0.94030 0.03728 0.01298 0.00532 0.00232 0.00104 0.00046 0.00020 0.00007 0.00002 0.00001 ( 1)  0.060 +-  0.047
  33 K   0.94780 0.03436 0.01096 0.00412 0.00165 0.00068 0.00028 0.00011 0.00004 0.00001 0.00000 ( 1)  0.058 +-  0.041
  34 I   0.95269 0.03222 0.00962 0.00339 0.00128 0.00050 0.00019 0.00007 0.00002 0.00001 0.00000 ( 1)  0.057 +-  0.038
  35 N   0.95159 0.03272 0.00992 0.00355 0.00136 0.00053 0.00021 0.00008 0.00003 0.00001 0.00000 ( 1)  0.057 +-  0.038
  36 L   0.94329 0.03614 0.01218 0.00483 0.00205 0.00089 0.00038 0.00016 0.00006 0.00001 0.00001 ( 1)  0.059 +-  0.045
  37 Y   0.94338 0.03610 0.01215 0.00482 0.00204 0.00088 0.00038 0.00016 0.00006 0.00001 0.00001 ( 1)  0.059 +-  0.045
  38 D   0.95167 0.03270 0.00990 0.00353 0.00135 0.00053 0.00021 0.00008 0.00003 0.00001 0.00000 ( 1)  0.057 +-  0.038
  39 S   0.95177 0.03267 0.00987 0.00352 0.00134 0.00052 0.00020 0.00008 0.00002 0.00001 0.00000 ( 1)  0.057 +-  0.038
  40 F   0.95178 0.03267 0.00987 0.00351 0.00134 0.00052 0.00020 0.00008 0.00002 0.00001 0.00000 ( 1)  0.057 +-  0.038
  41 E   0.94780 0.03436 0.01096 0.00412 0.00165 0.00068 0.00028 0.00011 0.00004 0.00001 0.00000 ( 1)  0.058 +-  0.041
  42 A   0.94337 0.03611 0.01216 0.00482 0.00204 0.00089 0.00038 0.00016 0.00006 0.00001 0.00001 ( 1)  0.059 +-  0.045
  43 S   0.94334 0.03612 0.01217 0.00483 0.00204 0.00089 0.00038 0.00016 0.00006 0.00001 0.00001 ( 1)  0.059 +-  0.045
  44 K   0.94780 0.03436 0.01096 0.00412 0.00165 0.00068 0.00028 0.00011 0.00004 0.00001 0.00000 ( 1)  0.058 +-  0.041
  45 K   0.94778 0.03436 0.01096 0.00412 0.00165 0.00068 0.00028 0.00011 0.00004 0.00001 0.00000 ( 1)  0.058 +-  0.041
  46 A   0.94338 0.03610 0.01216 0.00482 0.00204 0.00089 0.00038 0.00016 0.00006 0.00001 0.00001 ( 1)  0.059 +-  0.045
  47 C   0.94781 0.03435 0.01096 0.00412 0.00165 0.00068 0.00028 0.00011 0.00004 0.00001 0.00000 ( 1)  0.058 +-  0.041
  48 D   0.95173 0.03269 0.00988 0.00352 0.00134 0.00052 0.00020 0.00008 0.00003 0.00001 0.00000 ( 1)  0.057 +-  0.038
  49 Q   0.94030 0.03728 0.01298 0.00532 0.00232 0.00104 0.00046 0.00020 0.00007 0.00002 0.00001 ( 1)  0.060 +-  0.047
  50 L   0.92951 0.04087 0.01578 0.00717 0.00347 0.00172 0.00084 0.00040 0.00017 0.00004 0.00004 ( 1)  0.063 +-  0.057
  51 S   0.94336 0.03611 0.01216 0.00482 0.00204 0.00089 0.00038 0.00016 0.00006 0.00001 0.00001 ( 1)  0.059 +-  0.045
  52 L   0.94336 0.03611 0.01216 0.00482 0.00204 0.00089 0.00038 0.00016 0.00006 0.00001 0.00001 ( 1)  0.059 +-  0.045
  53 G   0.94324 0.03615 0.01219 0.00484 0.00205 0.00089 0.00039 0.00016 0.00006 0.00001 0.00001 ( 1)  0.059 +-  0.045
  54 V   0.94336 0.03611 0.01216 0.00482 0.00204 0.00089 0.00038 0.00016 0.00006 0.00001 0.00001 ( 1)  0.059 +-  0.045
  55 A   0.94338 0.03610 0.01216 0.00482 0.00204 0.00089 0.00038 0.00016 0.00006 0.00001 0.00001 ( 1)  0.059 +-  0.045
  56 A   0.94338 0.03610 0.01216 0.00482 0.00204 0.00089 0.00038 0.00016 0.00006 0.00001 0.00001 ( 1)  0.059 +-  0.045
  57 I   0.94780 0.03435 0.01096 0.00412 0.00165 0.00068 0.00028 0.00011 0.00004 0.00001 0.00000 ( 1)  0.058 +-  0.041
  58 F   0.95169 0.03270 0.00989 0.00353 0.00135 0.00053 0.00021 0.00008 0.00003 0.00001 0.00000 ( 1)  0.057 +-  0.038
  59 G   0.94336 0.03611 0.01216 0.00482 0.00204 0.00089 0.00038 0.00016 0.00006 0.00001 0.00001 ( 1)  0.059 +-  0.045
  60 P   0.94338 0.03610 0.01215 0.00482 0.00204 0.00088 0.00038 0.00016 0.00006 0.00001 0.00001 ( 1)  0.059 +-  0.045
  61 S   0.93354 0.03957 0.01475 0.00647 0.00303 0.00145 0.00069 0.00032 0.00013 0.00003 0.00003 ( 1)  0.062 +-  0.053
  62 H   0.95177 0.03267 0.00987 0.00352 0.00134 0.00052 0.00020 0.00008 0.00003 0.00001 0.00000 ( 1)  0.057 +-  0.038
  63 S   0.95171 0.03269 0.00989 0.00353 0.00134 0.00053 0.00020 0.00008 0.00003 0.00001 0.00000 ( 1)  0.057 +-  0.038
  64 S   0.93704 0.03840 0.01384 0.00587 0.00266 0.00123 0.00057 0.00025 0.00010 0.00002 0.00002 ( 1)  0.061 +-  0.050
  65 S   0.93407 0.03940 0.01461 0.00638 0.00297 0.00142 0.00067 0.00031 0.00012 0.00003 0.00002 ( 1)  0.061 +-  0.053
  66 A   0.94338 0.03610 0.01216 0.00482 0.00204 0.00089 0.00038 0.00016 0.00006 0.00001 0.00001 ( 1)  0.059 +-  0.045
  67 N   0.95169 0.03270 0.00989 0.00353 0.00135 0.00053 0.00021 0.00008 0.00003 0.00001 0.00000 ( 1)  0.057 +-  0.038
  68 A   0.94338 0.03610 0.01216 0.00482 0.00204 0.00089 0.00038 0.00016 0.00006 0.00001 0.00001 ( 1)  0.059 +-  0.045
  69 V   0.94339 0.03610 0.01215 0.00482 0.00204 0.00088 0.00038 0.00016 0.00006 0.00001 0.00001 ( 1)  0.059 +-  0.045
  70 Q   0.94024 0.03729 0.01300 0.00533 0.00233 0.00104 0.00046 0.00020 0.00007 0.00002 0.00001 ( 1)  0.060 +-  0.047
  71 S   0.94298 0.03625 0.01226 0.00488 0.00208 0.00091 0.00039 0.00016 0.00006 0.00001 0.00001 ( 1)  0.059 +-  0.045
  72 I   0.94780 0.03435 0.01096 0.00412 0.00165 0.00068 0.00028 0.00011 0.00004 0.00001 0.00000 ( 1)  0.058 +-  0.041
  73 C   0.94781 0.03435 0.01096 0.00412 0.00165 0.00068 0.00028 0.00011 0.00004 0.00001 0.00000 ( 1)  0.058 +-  0.041
  74 N   0.95176 0.03268 0.00987 0.00352 0.00134 0.00052 0.00020 0.00008 0.00002 0.00001 0.00000 ( 1)  0.057 +-  0.038
  75 A   0.94338 0.03610 0.01216 0.00482 0.00204 0.00089 0.00038 0.00016 0.00006 0.00001 0.00001 ( 1)  0.059 +-  0.045
  76 L   0.92916 0.04096 0.01586 0.00723 0.00351 0.00175 0.00086 0.00041 0.00017 0.00005 0.00004 ( 1)  0.063 +-  0.057
  77 G   0.94238 0.03648 0.01242 0.00498 0.00213 0.00094 0.00041 0.00017 0.00006 0.00001 0.00001 ( 1)  0.059 +-  0.046
  78 V   0.94337 0.03611 0.01216 0.00482 0.00204 0.00089 0.00038 0.00016 0.00006 0.00001 0.00001 ( 1)  0.059 +-  0.045
  79 P   0.94338 0.03610 0.01216 0.00482 0.00204 0.00089 0.00038 0.00016 0.00006 0.00001 0.00001 ( 1)  0.059 +-  0.045
  80 H   0.95174 0.03268 0.00988 0.00352 0.00134 0.00052 0.00020 0.00008 0.00003 0.00001 0.00000 ( 1)  0.057 +-  0.038
  81 I   0.95240 0.03233 0.00970 0.00344 0.00131 0.00051 0.00020 0.00008 0.00003 0.00001 0.00000 ( 1)  0.057 +-  0.038
  82 Q   0.94030 0.03728 0.01298 0.00532 0.00232 0.00104 0.00046 0.00020 0.00007 0.00002 0.00001 ( 1)  0.060 +-  0.047
  83 T   0.94339 0.03610 0.01215 0.00482 0.00204 0.00088 0.00038 0.00016 0.00006 0.00001 0.00001 ( 1)  0.059 +-  0.045
  84 R   0.94335 0.03611 0.01216 0.00483 0.00204 0.00089 0.00038 0.00016 0.00006 0.00001 0.00001 ( 1)  0.059 +-  0.045
  85 W   0.94033 0.03727 0.01298 0.00531 0.00232 0.00104 0.00046 0.00019 0.00007 0.00002 0.00001 ( 1)  0.060 +-  0.047
  86 K   0.94780 0.03436 0.01096 0.00412 0.00165 0.00068 0.00028 0.00011 0.00004 0.00001 0.00000 ( 1)  0.058 +-  0.041
  87 H   0.95177 0.03267 0.00987 0.00352 0.00134 0.00052 0.00020 0.00008 0.00003 0.00001 0.00000 ( 1)  0.057 +-  0.038
  88 Q   0.94021 0.03730 0.01301 0.00534 0.00234 0.00105 0.00047 0.00020 0.00008 0.00002 0.00001 ( 1)  0.060 +-  0.048
  89 V   0.94336 0.03611 0.01216 0.00482 0.00204 0.00089 0.00038 0.00016 0.00006 0.00001 0.00001 ( 1)  0.059 +-  0.045
  90 S   0.93388 0.03946 0.01466 0.00641 0.00299 0.00143 0.00068 0.00031 0.00012 0.00003 0.00002 ( 1)  0.062 +-  0.053
  91 D   0.95175 0.03268 0.00988 0.00352 0.00134 0.00052 0.00020 0.00008 0.00003 0.00001 0.00000 ( 1)  0.057 +-  0.038
  92 N   0.95167 0.03270 0.00990 0.00353 0.00135 0.00053 0.00021 0.00008 0.00003 0.00001 0.00000 ( 1)  0.057 +-  0.038
  93 K   0.94773 0.03437 0.01098 0.00413 0.00166 0.00069 0.00028 0.00011 0.00004 0.00001 0.00000 ( 1)  0.058 +-  0.041
  94 D   0.95171 0.03269 0.00989 0.00353 0.00135 0.00053 0.00020 0.00008 0.00003 0.00001 0.00000 ( 1)  0.057 +-  0.038
  95 S   0.94335 0.03612 0.01216 0.00483 0.00204 0.00089 0.00038 0.00016 0.00006 0.00001 0.00001 ( 1)  0.059 +-  0.045
  96 F   0.95178 0.03267 0.00987 0.00351 0.00134 0.00052 0.00020 0.00008 0.00002 0.00001 0.00000 ( 1)  0.057 +-  0.038
  97 Y   0.94338 0.03610 0.01215 0.00482 0.00204 0.00088 0.00038 0.00016 0.00006 0.00001 0.00001 ( 1)  0.059 +-  0.045
  98 V   0.94337 0.03611 0.01216 0.00482 0.00204 0.00089 0.00038 0.00016 0.00006 0.00001 0.00001 ( 1)  0.059 +-  0.045
  99 S   0.95171 0.03269 0.00989 0.00353 0.00134 0.00053 0.00020 0.00008 0.00003 0.00001 0.00000 ( 1)  0.057 +-  0.038
 100 L   0.94335 0.03611 0.01216 0.00482 0.00204 0.00089 0.00038 0.00016 0.00006 0.00001 0.00001 ( 1)  0.059 +-  0.045
 101 Y   0.94338 0.03610 0.01215 0.00482 0.00204 0.00088 0.00038 0.00016 0.00006 0.00001 0.00001 ( 1)  0.059 +-  0.045
 102 P   0.94338 0.03610 0.01215 0.00482 0.00204 0.00089 0.00038 0.00016 0.00006 0.00001 0.00001 ( 1)  0.059 +-  0.045
 103 D   0.95177 0.03267 0.00987 0.00352 0.00134 0.00052 0.00020 0.00008 0.00002 0.00001 0.00000 ( 1)  0.057 +-  0.038
 104 F   0.95178 0.03267 0.00987 0.00351 0.00134 0.00052 0.00020 0.00008 0.00002 0.00001 0.00000 ( 1)  0.057 +-  0.038
 105 S   0.94336 0.03611 0.01216 0.00482 0.00204 0.00089 0.00038 0.00016 0.00006 0.00001 0.00001 ( 1)  0.059 +-  0.045
 106 S   0.93609 0.03873 0.01409 0.00603 0.00276 0.00129 0.00060 0.00027 0.00011 0.00003 0.00002 ( 1)  0.061 +-  0.051
 107 L   0.94294 0.03627 0.01227 0.00489 0.00208 0.00091 0.00039 0.00016 0.00006 0.00001 0.00001 ( 1)  0.059 +-  0.045
 108 S   0.95177 0.03267 0.00987 0.00352 0.00134 0.00052 0.00020 0.00008 0.00002 0.00001 0.00000 ( 1)  0.057 +-  0.038
 109 R   0.94333 0.03612 0.01217 0.00483 0.00205 0.00089 0.00038 0.00016 0.00006 0.00001 0.00001 ( 1)  0.059 +-  0.045
 110 A   0.94338 0.03610 0.01216 0.00482 0.00204 0.00089 0.00038 0.00016 0.00006 0.00001 0.00001 ( 1)  0.059 +-  0.045
 111 I   0.94777 0.03436 0.01097 0.00412 0.00166 0.00068 0.00028 0.00011 0.00004 0.00001 0.00000 ( 1)  0.058 +-  0.041
 112 L   0.93251 0.03987 0.01500 0.00665 0.00315 0.00153 0.00074 0.00034 0.00014 0.00004 0.00003 ( 1)  0.062 +-  0.055
 113 D   0.95171 0.03269 0.00989 0.00353 0.00135 0.00053 0.00020 0.00008 0.00003 0.00001 0.00000 ( 1)  0.057 +-  0.038
 114 L   0.93210 0.04004 0.01512 0.00672 0.00318 0.00155 0.00075 0.00034 0.00014 0.00004 0.00003 ( 1)  0.062 +-  0.055
 115 V   0.94336 0.03611 0.01216 0.00482 0.00204 0.00089 0.00038 0.00016 0.00006 0.00001 0.00001 ( 1)  0.059 +-  0.045
 116 Q   0.94026 0.03729 0.01299 0.00533 0.00233 0.00104 0.00046 0.00020 0.00007 0.00002 0.00001 ( 1)  0.060 +-  0.047
 117 F   0.95164 0.03271 0.00991 0.00354 0.00135 0.00053 0.00021 0.00008 0.00003 0.00001 0.00000 ( 1)  0.057 +-  0.038
 118 F   0.95171 0.03269 0.00989 0.00353 0.00134 0.00053 0.00020 0.00008 0.00003 0.00001 0.00000 ( 1)  0.057 +-  0.038
 119 K   0.94780 0.03436 0.01096 0.00412 0.00165 0.00068 0.00028 0.00011 0.00004 0.00001 0.00000 ( 1)  0.058 +-  0.041
 120 W   0.94033 0.03727 0.01298 0.00531 0.00232 0.00104 0.00046 0.00019 0.00007 0.00002 0.00001 ( 1)  0.060 +-  0.047
 121 K   0.94779 0.03436 0.01096 0.00412 0.00165 0.00068 0.00028 0.00011 0.00004 0.00001 0.00000 ( 1)  0.058 +-  0.041
 122 T   0.94337 0.03611 0.01216 0.00482 0.00204 0.00089 0.00038 0.00016 0.00006 0.00001 0.00001 ( 1)  0.059 +-  0.045
 123 V   0.94337 0.03611 0.01216 0.00482 0.00204 0.00089 0.00038 0.00016 0.00006 0.00001 0.00001 ( 1)  0.059 +-  0.045
 124 T   0.94339 0.03610 0.01215 0.00482 0.00204 0.00088 0.00038 0.00016 0.00006 0.00001 0.00001 ( 1)  0.059 +-  0.045
 125 V   0.94340 0.03610 0.01215 0.00482 0.00204 0.00088 0.00038 0.00016 0.00006 0.00001 0.00001 ( 1)  0.059 +-  0.045
 126 V   0.94339 0.03610 0.01215 0.00482 0.00204 0.00088 0.00038 0.00016 0.00006 0.00001 0.00001 ( 1)  0.059 +-  0.045
 127 Y   0.94338 0.03610 0.01215 0.00482 0.00204 0.00088 0.00038 0.00016 0.00006 0.00001 0.00001 ( 1)  0.059 +-  0.045
 128 D   0.95171 0.03269 0.00989 0.00353 0.00135 0.00053 0.00020 0.00008 0.00003 0.00001 0.00000 ( 1)  0.057 +-  0.038
 129 D   0.95177 0.03267 0.00987 0.00352 0.00134 0.00052 0.00020 0.00008 0.00002 0.00001 0.00000 ( 1)  0.057 +-  0.038
 130 S   0.95177 0.03267 0.00987 0.00352 0.00134 0.00052 0.00020 0.00008 0.00002 0.00001 0.00000 ( 1)  0.057 +-  0.038
 131 T   0.94338 0.03610 0.01215 0.00482 0.00204 0.00088 0.00038 0.00016 0.00006 0.00001 0.00001 ( 1)  0.059 +-  0.045

Positively selected sites

	Prob(w>1)  mean w


