Supplemental results for CODEML (seqf: D:\pamlX\target_Human_GLUD2_orthologues_updated.best.nuc.phy  treef: D:\pamlX\target_Human_GLUD2_orthologues_updated.best.dnd)


Model 0: one-ratio

Model 1: NearlyNeutral

MLEs of dN/dS (w) for site classes (K=2)

p:   0.83633  0.16367
w:   0.13598  1.00000

Naive Empirical Bayes (NEB) probabilities for 2 classes & postmean_w
(amino acids refer to 1st sequence: dasypus)

   1 K   0.99661 0.00339 ( 1)  0.139
   2 D   0.97946 0.02054 ( 1)  0.154
   3 I   0.97436 0.02564 ( 1)  0.158
   4 L   0.23367 0.76633 ( 2)  0.798
   5 H   0.86993 0.13007 ( 1)  0.248
   6 S   0.99552 0.00448 ( 1)  0.140
   7 G   0.35070 0.64930 ( 2)  0.697
   8 V   0.79355 0.20645 ( 1)  0.314
   9 H   0.97036 0.02964 ( 1)  0.162
  10 S   0.95967 0.04033 ( 1)  0.171
  11 M   0.99932 0.00068 ( 1)  0.137
  12 D   0.84506 0.15494 ( 1)  0.270
  13 H   0.00497 0.99503 ( 2)  0.996
  14 S   0.99552 0.00448 ( 1)  0.140
  15 S   0.96019 0.03981 ( 1)  0.170
  16 R   0.99509 0.00491 ( 1)  0.140
  17 H   0.94078 0.05922 ( 1)  0.187
  18 I   0.99655 0.00345 ( 1)  0.139
  19 M   0.99932 0.00068 ( 1)  0.137
  20 P   0.00116 0.99884 ( 2)  0.999
  21 L   0.98334 0.01666 ( 1)  0.150
  22 G   0.99416 0.00584 ( 1)  0.141
  23 L   0.92152 0.07848 ( 1)  0.204
  24 G   0.98065 0.01935 ( 1)  0.153
  25 L   0.12560 0.87440 ( 2)  0.891
  26 R   0.99552 0.00448 ( 1)  0.140
  27 T   0.97209 0.02791 ( 1)  0.160
  28 T   0.96867 0.03133 ( 1)  0.163
  29 A   0.99552 0.00448 ( 1)  0.140
  30 Y   0.99555 0.00445 ( 1)  0.140
  31 I   0.81176 0.18824 ( 1)  0.299
  32 K   0.08876 0.91124 ( 2)  0.923
  33 A   0.79928 0.20072 ( 1)  0.309
  34 P   0.80999 0.19001 ( 1)  0.300
  35 E   0.99661 0.00339 ( 1)  0.139
  36 K   0.99661 0.00339 ( 1)  0.139
  37 V   0.96962 0.03038 ( 1)  0.162
  38 F   0.99743 0.00257 ( 1)  0.138
  39 K   0.84265 0.15735 ( 1)  0.272
  40 V   0.99552 0.00448 ( 1)  0.140
  41 Y   0.99555 0.00445 ( 1)  0.140
  42 N   0.10493 0.89507 ( 2)  0.909
  43 E   0.99659 0.00341 ( 1)  0.139
  44 A   0.99552 0.00448 ( 1)  0.140
  45 G   0.99550 0.00450 ( 1)  0.140
  46 V   0.96072 0.03928 ( 1)  0.170
  47 T   0.99552 0.00448 ( 1)  0.140
  48 F   0.99743 0.00257 ( 1)  0.138


lnL =  -774.607032


Model 2: PositiveSelection

MLEs of dN/dS (w) for site classes (K=3)

p:   0.83633  0.10073  0.06293
w:   0.13598  1.00000  1.00000

Naive Empirical Bayes (NEB) probabilities for 3 classes & postmean_w
(amino acids refer to 1st sequence: dasypus)

   1 K   0.99661 0.00209 0.00130 ( 1)  0.139
   2 D   0.97946 0.01264 0.00790 ( 1)  0.154
   3 I   0.97436 0.01578 0.00986 ( 1)  0.158
   4 L   0.23367 0.47166 0.29466 ( 2)  0.798
   5 H   0.86993 0.08005 0.05001 ( 1)  0.248
   6 S   0.99552 0.00276 0.00172 ( 1)  0.140
   7 G   0.35070 0.39964 0.24967 ( 2)  0.697
   8 V   0.79355 0.12707 0.07938 ( 1)  0.314
   9 H   0.97036 0.01824 0.01140 ( 1)  0.162
  10 S   0.95967 0.02482 0.01551 ( 1)  0.171
  11 M   0.99932 0.00042 0.00026 ( 1)  0.137
  12 D   0.84506 0.09536 0.05958 ( 1)  0.270
  13 H   0.00497 0.61243 0.38260 ( 2)  0.996
  14 S   0.99552 0.00276 0.00172 ( 1)  0.140
  15 S   0.96019 0.02450 0.01531 ( 1)  0.170
  16 R   0.99509 0.00302 0.00189 ( 1)  0.140
  17 H   0.94078 0.03645 0.02277 ( 1)  0.187
  18 I   0.99655 0.00212 0.00132 ( 1)  0.139
  19 M   0.99932 0.00042 0.00026 ( 1)  0.137
  20 P   0.00116 0.61477 0.38407 ( 2)  0.999
  21 L   0.98334 0.01025 0.00640 ( 1)  0.150
  22 G   0.99416 0.00359 0.00224 ( 1)  0.141
  23 L   0.92152 0.04831 0.03018 ( 1)  0.204
  24 G   0.98065 0.01191 0.00744 ( 1)  0.153
  25 L   0.12560 0.53818 0.33622 ( 2)  0.891
  26 R   0.99552 0.00276 0.00172 ( 1)  0.140
  27 T   0.97209 0.01718 0.01073 ( 1)  0.160
  28 T   0.96867 0.01929 0.01205 ( 1)  0.163
  29 A   0.99552 0.00276 0.00172 ( 1)  0.140
  30 Y   0.99555 0.00274 0.00171 ( 1)  0.140
  31 I   0.81176 0.11586 0.07238 ( 1)  0.299
  32 K   0.08876 0.56085 0.35038 ( 2)  0.923
  33 A   0.79928 0.12354 0.07718 ( 1)  0.309
  34 P   0.80999 0.11695 0.07306 ( 1)  0.300
  35 E   0.99661 0.00208 0.00130 ( 1)  0.139
  36 K   0.99661 0.00209 0.00130 ( 1)  0.139
  37 V   0.96962 0.01870 0.01168 ( 1)  0.162
  38 F   0.99743 0.00158 0.00099 ( 1)  0.138
  39 K   0.84265 0.09685 0.06050 ( 1)  0.272
  40 V   0.99552 0.00276 0.00172 ( 1)  0.140
  41 Y   0.99555 0.00274 0.00171 ( 1)  0.140
  42 N   0.10493 0.55090 0.34417 ( 2)  0.909
  43 E   0.99659 0.00210 0.00131 ( 1)  0.139
  44 A   0.99552 0.00276 0.00172 ( 1)  0.140
  45 G   0.99550 0.00277 0.00173 ( 1)  0.140
  46 V   0.96072 0.02417 0.01510 ( 1)  0.170
  47 T   0.99552 0.00276 0.00172 ( 1)  0.140
  48 F   0.99743 0.00158 0.00099 ( 1)  0.138

Positively selected sites

	Prob(w>1)  mean w



lnL =  -774.607032

Bayes Empirical Bayes (BEB) probabilities for 3 classes (class) & postmean_w
(amino acids refer to 1st sequence: dasypus)

   1 K   0.99649 0.00344 0.00007 ( 1)  0.155 +-  0.054
   2 D   0.98040 0.01907 0.00053 ( 1)  0.169 +-  0.121
   3 I   0.97554 0.02371 0.00075 ( 1)  0.173 +-  0.135
   4 L   0.31369 0.61702 0.06929 ( 2)  0.772 +-  0.441
   5 H   0.88581 0.10971 0.00448 ( 1)  0.251 +-  0.279
   6 S   0.99537 0.00452 0.00011 ( 1)  0.156 +-  0.061
   7 G   0.43607 0.51383 0.05010 ( 2)  0.658 +-  0.460
   8 V   0.81962 0.17051 0.00987 ( 1)  0.310 +-  0.341
   9 H   0.97180 0.02730 0.00090 ( 1)  0.176 +-  0.145
  10 S   0.96165 0.03686 0.00149 ( 1)  0.185 +-  0.169
  11 M   0.99928 0.00072 0.00001 ( 1)  0.152 +-  0.029
  12 D   0.86426 0.12967 0.00607 ( 1)  0.270 +-  0.301
  13 H   0.00983 0.75425 0.23592 ( 2)  1.178 +-  0.470
  14 S   0.99537 0.00452 0.00011 ( 1)  0.156 +-  0.061
  15 S   0.96218 0.03639 0.00143 ( 1)  0.185 +-  0.168
  16 R   0.99490 0.00496 0.00014 ( 1)  0.156 +-  0.064
  17 H   0.94392 0.05351 0.00257 ( 1)  0.201 +-  0.203
  18 I   0.99643 0.00349 0.00007 ( 1)  0.155 +-  0.054
  19 M   0.99928 0.00072 0.00001 ( 1)  0.152 +-  0.029
  20 P   0.00318 0.77599 0.22083 ( 2)  1.153 +-  0.379
  21 L   0.98290 0.01634 0.00076 ( 1)  0.167 +-  0.115
  22 G   0.99398 0.00586 0.00016 ( 1)  0.157 +-  0.069
  23 L   0.92551 0.07029 0.00420 ( 1)  0.217 +-  0.234
  24 G   0.98154 0.01799 0.00047 ( 1)  0.168 +-  0.118
  25 L   0.17359 0.69446 0.13195 ( 2)  0.940 +-  0.452
  26 R   0.99538 0.00452 0.00011 ( 1)  0.156 +-  0.061
  27 T   0.97342 0.02575 0.00083 ( 1)  0.175 +-  0.141
  28 T   0.97019 0.02882 0.00099 ( 1)  0.178 +-  0.149
  29 A   0.99537 0.00452 0.00011 ( 1)  0.156 +-  0.061
  30 Y   0.99541 0.00449 0.00010 ( 1)  0.156 +-  0.061
  31 I   0.83556 0.15613 0.00831 ( 1)  0.296 +-  0.328
  32 K   0.14684 0.75951 0.09365 ( 2)  0.927 +-  0.360
  33 A   0.82450 0.16601 0.00950 ( 1)  0.306 +-  0.337
  34 P   0.83426 0.15749 0.00825 ( 1)  0.297 +-  0.328
  35 E   0.99650 0.00343 0.00007 ( 1)  0.155 +-  0.054
  36 K   0.99649 0.00344 0.00007 ( 1)  0.155 +-  0.054
  37 V   0.97110 0.02796 0.00094 ( 1)  0.177 +-  0.147
  38 F   0.99733 0.00262 0.00005 ( 1)  0.154 +-  0.048
  39 K   0.86215 0.13160 0.00625 ( 1)  0.272 +-  0.303
  40 V   0.99537 0.00452 0.00011 ( 1)  0.156 +-  0.061
  41 Y   0.99541 0.00449 0.00010 ( 1)  0.156 +-  0.061
  42 N   0.17022 0.74360 0.08617 ( 2)  0.903 +-  0.373
  43 E   0.99647 0.00346 0.00007 ( 1)  0.155 +-  0.054
  44 A   0.99537 0.00452 0.00011 ( 1)  0.156 +-  0.061
  45 G   0.99535 0.00454 0.00011 ( 1)  0.156 +-  0.061
  46 V   0.96272 0.03591 0.00137 ( 1)  0.184 +-  0.166
  47 T   0.99537 0.00452 0.00011 ( 1)  0.156 +-  0.061
  48 F   0.99733 0.00262 0.00005 ( 1)  0.154 +-  0.048

Positively selected sites

	Prob(w>1)  mean w



Model 7: beta

MLEs of dN/dS (w) for site classes (K=10)

p:   0.10000  0.10000  0.10000  0.10000  0.10000  0.10000  0.10000  0.10000  0.10000  0.10000
w:   0.00238  0.01776  0.04561  0.08571  0.13872  0.20621  0.29101  0.39841  0.53979  0.75172

Naive Empirical Bayes (NEB) probabilities for 10 classes & postmean_w
(amino acids refer to 1st sequence: dasypus)

   1 K   0.21592 0.19901 0.17175 0.13906 0.10538 0.07424 0.04803 0.02788 0.01379 0.00493 ( 1)  0.090
   2 D   0.00604 0.04136 0.09107 0.13727 0.16629 0.17144 0.15350 0.11901 0.07728 0.03675 ( 6)  0.237
   3 I   0.00565 0.03888 0.08627 0.13146 0.16159 0.16974 0.15560 0.12433 0.08403 0.04245 ( 6)  0.245
   4 L   0.00000 0.00007 0.00110 0.00630 0.02195 0.05596 0.11396 0.19354 0.27820 0.32892 (10)  0.523
   5 H   0.00006 0.00311 0.01761 0.04989 0.09786 0.14999 0.18942 0.20072 0.17591 0.11542 ( 8)  0.366
   6 S   0.20916 0.19382 0.16893 0.13874 0.10712 0.07729 0.05153 0.03105 0.01614 0.00621 ( 1)  0.095
   7 G   0.00000 0.00011 0.00166 0.00907 0.02974 0.07068 0.13287 0.20637 0.26829 0.28122 (10)  0.497
   8 V   0.00005 0.00243 0.01400 0.04077 0.08295 0.13317 0.17826 0.20332 0.19628 0.14878 ( 8)  0.394
   9 H   0.00533 0.03682 0.08228 0.12668 0.15778 0.16845 0.15747 0.12878 0.08951 0.04689 ( 6)  0.253
  10 S   0.00482 0.03349 0.07569 0.11842 0.15063 0.16513 0.15953 0.13594 0.09972 0.05664 ( 6)  0.266
  11 M   0.25294 0.22564 0.18358 0.13660 0.09263 0.05672 0.03083 0.01440 0.00539 0.00129 ( 1)  0.068
  12 D   0.00006 0.00286 0.01628 0.04655 0.09245 0.14400 0.18561 0.20193 0.18332 0.12695 ( 8)  0.376
  13 H   0.00000 0.00000 0.00001 0.00016 0.00142 0.00766 0.02997 0.09364 0.25012 0.61703 (10)  0.647
  14 S   0.20915 0.19382 0.16893 0.13874 0.10712 0.07729 0.05153 0.03105 0.01614 0.00621 ( 1)  0.095
  15 S   0.00483 0.03360 0.07590 0.11866 0.15083 0.16521 0.15947 0.13576 0.09944 0.05629 ( 6)  0.266
  16 R   0.21272 0.19631 0.16988 0.13823 0.10562 0.07543 0.04987 0.02997 0.01571 0.00626 ( 1)  0.093
  17 H   0.00417 0.02922 0.06708 0.10729 0.14049 0.15972 0.16134 0.14524 0.11413 0.07133 ( 7)  0.285
  18 I   0.21587 0.19895 0.17170 0.13903 0.10536 0.07425 0.04807 0.02793 0.01385 0.00498 ( 1)  0.090
  19 M   0.25294 0.22564 0.18358 0.13660 0.09263 0.05672 0.03083 0.01440 0.00539 0.00129 ( 1)  0.068
  20 P   0.00000 0.00000 0.00000 0.00003 0.00040 0.00316 0.01708 0.06978 0.23200 0.67755 (10)  0.668
  21 L   0.17371 0.16540 0.15139 0.13335 0.11286 0.09142 0.07034 0.05066 0.03312 0.01775 ( 1)  0.128
  22 G   0.20258 0.18871 0.16602 0.13819 0.10862 0.08016 0.05497 0.03434 0.01870 0.00771 ( 1)  0.100
  23 L   0.00378 0.02664 0.06169 0.09994 0.13311 0.15473 0.16087 0.15039 0.12445 0.08439 ( 7)  0.300
  24 G   0.00610 0.04181 0.09196 0.13837 0.16723 0.17185 0.15319 0.11803 0.07594 0.03553 ( 6)  0.235
  25 L   0.00000 0.00005 0.00075 0.00437 0.01572 0.04194 0.09095 0.16872 0.27559 0.40191 (10)  0.556
  26 R   0.20921 0.19387 0.16896 0.13874 0.10711 0.07727 0.05150 0.03103 0.01612 0.00620 ( 1)  0.095
  27 T   0.00545 0.03759 0.08379 0.12850 0.15926 0.16899 0.15680 0.12710 0.08739 0.04513 ( 6)  0.250
  28 T   0.00524 0.03624 0.08114 0.12525 0.15656 0.16790 0.15785 0.13003 0.09126 0.04854 ( 6)  0.255
  29 A   0.20919 0.19385 0.16895 0.13875 0.10712 0.07728 0.05150 0.03103 0.01613 0.00620 ( 1)  0.095
  30 Y   0.20920 0.19387 0.16897 0.13876 0.10713 0.07728 0.05150 0.03102 0.01610 0.00618 ( 1)  0.095
  31 I   0.00005 0.00255 0.01467 0.04249 0.08583 0.13656 0.18073 0.20318 0.19239 0.14155 ( 8)  0.388
  32 K   0.00000 0.00000 0.00018 0.00183 0.00956 0.03312 0.08564 0.17596 0.29532 0.39838 (10)  0.562
  33 A   0.00005 0.00248 0.01427 0.04146 0.08405 0.13438 0.17902 0.20305 0.19476 0.14647 ( 8)  0.392
  34 P   0.00005 0.00252 0.01452 0.04214 0.08533 0.13613 0.18064 0.20358 0.19309 0.14200 ( 8)  0.389
  35 E   0.21593 0.19902 0.17176 0.13907 0.10538 0.07424 0.04803 0.02787 0.01378 0.00493 ( 1)  0.090
  36 K   0.21592 0.19901 0.17175 0.13906 0.10538 0.07424 0.04803 0.02788 0.01379 0.00493 ( 1)  0.090
  37 V   0.00529 0.03655 0.08175 0.12602 0.15723 0.16822 0.15766 0.12936 0.09030 0.04762 ( 6)  0.254
  38 F   0.22252 0.20398 0.17431 0.13915 0.10348 0.07119 0.04470 0.02498 0.01177 0.00392 ( 1)  0.085
  39 K   0.00006 0.00284 0.01616 0.04627 0.09198 0.14345 0.18523 0.20198 0.18397 0.12807 ( 8)  0.377
  40 V   0.20913 0.19380 0.16891 0.13873 0.10712 0.07731 0.05154 0.03107 0.01616 0.00622 ( 1)  0.095
  41 Y   0.20920 0.19387 0.16897 0.13876 0.10713 0.07728 0.05150 0.03102 0.01610 0.00618 ( 1)  0.095
  42 N   0.00000 0.00001 0.00020 0.00205 0.01060 0.03606 0.09121 0.18243 0.29607 0.38137 (10)  0.555
  43 E   0.21591 0.19899 0.17174 0.13906 0.10538 0.07425 0.04804 0.02789 0.01381 0.00495 ( 1)  0.090
  44 A   0.20918 0.19385 0.16895 0.13875 0.10712 0.07728 0.05151 0.03103 0.01613 0.00621 ( 1)  0.095
  45 G   0.20921 0.19388 0.16898 0.13877 0.10713 0.07727 0.05147 0.03100 0.01610 0.00620 ( 1)  0.095
  46 V   0.00482 0.03354 0.07580 0.11860 0.15087 0.16537 0.15968 0.13592 0.09940 0.05600 ( 6)  0.266
  47 T   0.20917 0.19384 0.16894 0.13874 0.10712 0.07729 0.05151 0.03104 0.01613 0.00621 ( 1)  0.095
  48 F   0.22252 0.20398 0.17431 0.13915 0.10348 0.07119 0.04470 0.02498 0.01177 0.00392 ( 1)  0.085


lnL =  -774.088293


Model 8: beta&w>1

MLEs of dN/dS (w) for site classes (K=11)

p:   0.09156  0.09156  0.09156  0.09156  0.09156  0.09156  0.09156  0.09156  0.09156  0.09156  0.08435
w:   0.00788  0.02945  0.05565  0.08629  0.12203  0.16419  0.21517  0.27971  0.36906  0.52781  1.00000

Naive Empirical Bayes (NEB) probabilities for 11 classes & postmean_w
(amino acids refer to 1st sequence: dasypus)

   1 K   0.19393 0.17320 0.15105 0.12878 0.10702 0.08612 0.06633 0.04778 0.03049 0.01392 0.00138 ( 1)  0.101
   2 D   0.01586 0.05266 0.08626 0.11324 0.13199 0.14154 0.14121 0.13033 0.10756 0.06780 0.01154 ( 6)  0.209
   3 I   0.01501 0.05011 0.08265 0.10940 0.12874 0.13963 0.14126 0.13269 0.11223 0.07393 0.01437 ( 7)  0.217
   4 L   0.00001 0.00033 0.00200 0.00667 0.01655 0.03450 0.06425 0.11080 0.18144 0.28915 0.29431 (11)  0.567
   5 H   0.00060 0.00742 0.02298 0.04679 0.07713 0.11130 0.14552 0.17451 0.18979 0.17040 0.05357 ( 9)  0.327
   6 S   0.18762 0.16883 0.14858 0.12804 0.10773 0.08797 0.06897 0.05081 0.03344 0.01612 0.00188 ( 1)  0.105
   7 G   0.00001 0.00050 0.00299 0.00961 0.02288 0.04559 0.08061 0.13080 0.19845 0.28163 0.22692 (10)  0.514
   8 V   0.00048 0.00600 0.01892 0.03934 0.06644 0.09865 0.13350 0.16724 0.19320 0.19303 0.08320 ( 9)  0.361
   9 H   0.01428 0.04794 0.07960 0.10617 0.12605 0.13811 0.14140 0.13477 0.11621 0.07899 0.01649 ( 7)  0.222
  10 S   0.01310 0.04436 0.07444 0.10051 0.12102 0.13480 0.14077 0.13755 0.12272 0.08858 0.02214 ( 7)  0.234
  11 M   0.23035 0.19662 0.16232 0.12982 0.10016 0.07387 0.05124 0.03237 0.01726 0.00577 0.00024 ( 1)  0.082
  12 D   0.00055 0.00691 0.02151 0.04411 0.07333 0.10685 0.14139 0.17218 0.19132 0.17858 0.06327 ( 9)  0.338
  13 H   0.00000 0.00000 0.00002 0.00012 0.00057 0.00207 0.00643 0.01824 0.05099 0.16746 0.75410 (11)  0.868
  14 S   0.18762 0.16883 0.14858 0.12804 0.10773 0.08797 0.06897 0.05081 0.03344 0.01612 0.00188 ( 1)  0.105
  15 S   0.01314 0.04448 0.07461 0.10068 0.12117 0.13490 0.14079 0.13748 0.12256 0.08833 0.02185 ( 7)  0.234
  16 R   0.19104 0.17095 0.14949 0.12794 0.10689 0.08666 0.06746 0.04940 0.03240 0.01574 0.00203 ( 1)  0.104
  17 H   0.01156 0.03963 0.06747 0.09266 0.11377 0.12967 0.13916 0.14069 0.13143 0.10257 0.03139 ( 8)  0.252
  18 I   0.19389 0.17316 0.15101 0.12875 0.10700 0.08611 0.06634 0.04782 0.03054 0.01398 0.00140 ( 1)  0.101
  19 M   0.23035 0.19662 0.16232 0.12982 0.10016 0.07387 0.05124 0.03237 0.01726 0.00577 0.00024 ( 1)  0.082
  20 P   0.00000 0.00000 0.00000 0.00002 0.00013 0.00063 0.00254 0.00920 0.03276 0.14050 0.81423 (11)  0.904
  21 L   0.15554 0.14534 0.13387 0.12165 0.10884 0.09552 0.08164 0.06703 0.05114 0.03186 0.00757 ( 1)  0.132
  22 G   0.18157 0.16456 0.14608 0.12717 0.10827 0.08965 0.07147 0.05378 0.03645 0.01851 0.00250 ( 1)  0.109
  23 L   0.01065 0.03673 0.06305 0.08741 0.10855 0.12540 0.13684 0.14136 0.13617 0.11249 0.04136 ( 8)  0.266
  24 G   0.01602 0.05313 0.08693 0.11397 0.13263 0.14194 0.14127 0.12994 0.10670 0.06658 0.01089 ( 6)  0.208
  25 L   0.00000 0.00020 0.00127 0.00429 0.01088 0.02329 0.04489 0.08113 0.14264 0.26136 0.43005 (11)  0.659
  26 R   0.18767 0.16886 0.14861 0.12805 0.10773 0.08796 0.06895 0.05079 0.03342 0.01611 0.00187 ( 1)  0.105
  27 T   0.01455 0.04877 0.08077 0.10742 0.12710 0.13872 0.14137 0.13400 0.11468 0.07700 0.01561 ( 7)  0.220
  28 T   0.01407 0.04733 0.07872 0.10521 0.12520 0.13756 0.14130 0.13526 0.11733 0.08061 0.01741 ( 7)  0.224
  29 A   0.18765 0.16885 0.14860 0.12805 0.10773 0.08797 0.06895 0.05079 0.03342 0.01611 0.00187 ( 1)  0.105
  30 Y   0.18766 0.16886 0.14861 0.12806 0.10774 0.08797 0.06895 0.05079 0.03341 0.01609 0.00186 ( 1)  0.105
  31 I   0.00050 0.00627 0.01970 0.04079 0.06857 0.10125 0.13611 0.16905 0.19297 0.18872 0.07607 ( 9)  0.353
  32 K   0.00000 0.00004 0.00039 0.00195 0.00650 0.01723 0.03935 0.08143 0.15858 0.30541 0.38913 (11)  0.644
  33 A   0.00049 0.00612 0.01924 0.03991 0.06725 0.09959 0.13438 0.16772 0.19284 0.19128 0.08119 ( 9)  0.358
  34 P   0.00049 0.00621 0.01952 0.04048 0.06817 0.10083 0.13583 0.16908 0.19349 0.18973 0.07618 ( 9)  0.354
  35 E   0.19394 0.17321 0.15106 0.12879 0.10702 0.08612 0.06632 0.04778 0.03049 0.01391 0.00138 ( 1)  0.101
  36 K   0.19393 0.17320 0.15105 0.12878 0.10702 0.08612 0.06633 0.04778 0.03049 0.01392 0.00138 ( 1)  0.101
  37 V   0.01418 0.04765 0.07919 0.10573 0.12566 0.13786 0.14137 0.13501 0.11673 0.07973 0.01689 ( 7)  0.223
  38 F   0.20017 0.17744 0.15334 0.12935 0.10616 0.08418 0.06370 0.04487 0.02776 0.01200 0.00102 ( 1)  0.097
  39 K   0.00055 0.00686 0.02139 0.04389 0.07300 0.10645 0.14100 0.17192 0.19140 0.17928 0.06426 ( 9)  0.340
  40 V   0.18760 0.16881 0.14857 0.12803 0.10773 0.08798 0.06898 0.05083 0.03346 0.01614 0.00187 ( 1)  0.105
  41 Y   0.18766 0.16886 0.14861 0.12806 0.10774 0.08797 0.06895 0.05079 0.03341 0.01609 0.00186 ( 1)  0.105
  42 N   0.00000 0.00004 0.00045 0.00222 0.00733 0.01921 0.04328 0.08810 0.16779 0.31122 0.36037 (11)  0.625
  43 E   0.19392 0.17319 0.15104 0.12878 0.10701 0.08612 0.06633 0.04779 0.03050 0.01393 0.00139 ( 1)  0.101
  44 A   0.18764 0.16885 0.14860 0.12805 0.10773 0.08797 0.06896 0.05079 0.03343 0.01611 0.00187 ( 1)  0.105
  45 G   0.18766 0.16888 0.14863 0.12807 0.10774 0.08797 0.06894 0.05076 0.03339 0.01608 0.00188 ( 1)  0.105
  46 V   0.01311 0.04442 0.07454 0.10064 0.12118 0.13498 0.14093 0.13766 0.12270 0.08829 0.02154 ( 7)  0.233
  47 T   0.18763 0.16884 0.14859 0.12805 0.10773 0.08797 0.06896 0.05080 0.03343 0.01612 0.00187 ( 1)  0.105
  48 F   0.20017 0.17744 0.15334 0.12935 0.10616 0.08418 0.06370 0.04487 0.02776 0.01200 0.00102 ( 1)  0.097

Positively selected sites

	Prob(w>1)  mean w



lnL =  -773.926170

Bayes Empirical Bayes (BEB) probabilities for 11 classes (class) & postmean_w
(amino acids refer to 1st sequence: dasypus)

   1 K   0.73442 0.14438 0.06234 0.02964 0.01468 0.00742 0.00377 0.00190 0.00093 0.00047 0.00005 ( 1)  0.100 +-  0.108
   2 D   0.39813 0.21466 0.14938 0.09665 0.06004 0.03625 0.02135 0.01223 0.00676 0.00394 0.00060 ( 1)  0.204 +-  0.185
   3 I   0.38217 0.21103 0.15081 0.10025 0.06401 0.03973 0.02406 0.01418 0.00806 0.00484 0.00087 ( 1)  0.213 +-  0.193
   4 L   0.00695 0.03815 0.08548 0.12450 0.14538 0.14766 0.13544 0.11404 0.08818 0.06721 0.04701 ( 6)  0.602 +-  0.303
   5 H   0.10491 0.15965 0.18328 0.16483 0.13086 0.09603 0.06649 0.04377 0.02739 0.01837 0.00441 ( 3)  0.368 +-  0.234
   6 S   0.72176 0.14655 0.06549 0.03222 0.01652 0.00864 0.00454 0.00237 0.00120 0.00063 0.00008 ( 1)  0.104 +-  0.114
   7 G   0.01076 0.05232 0.10605 0.14150 0.15304 0.14536 0.12578 0.10073 0.07475 0.05587 0.03384 ( 5)  0.559 +-  0.289
   8 V   0.08382 0.13650 0.16753 0.16105 0.13663 0.10711 0.07918 0.05561 0.03705 0.02619 0.00933 ( 3)  0.407 +-  0.255
   9 H   0.36874 0.20814 0.15218 0.10338 0.06736 0.04260 0.02625 0.01572 0.00907 0.00552 0.00104 ( 1)  0.221 +-  0.198
  10 S   0.34525 0.20185 0.15329 0.10814 0.07315 0.04804 0.03073 0.01911 0.01146 0.00726 0.00172 ( 1)  0.237 +-  0.210
  11 M   0.79609 0.12867 0.04536 0.01764 0.00717 0.00298 0.00125 0.00052 0.00021 0.00009 0.00000 ( 1)  0.083 +-  0.080
  12 D   0.09720 0.15135 0.17784 0.16376 0.13316 0.10011 0.07102 0.04792 0.03071 0.02103 0.00590 ( 3)  0.381 +-  0.242
  13 H   0.00004 0.00184 0.01087 0.03022 0.05802 0.08903 0.11675 0.13489 0.13784 0.12739 0.29311 (11)  1.036 +-  0.634
  14 S   0.72176 0.14655 0.06549 0.03222 0.01652 0.00864 0.00454 0.00237 0.00120 0.00063 0.00008 ( 1)  0.104 +-  0.114
  15 S   0.34602 0.20203 0.15326 0.10802 0.07301 0.04789 0.03060 0.01899 0.01136 0.00718 0.00165 ( 1)  0.236 +-  0.210
  16 R   0.72672 0.14474 0.06386 0.03125 0.01605 0.00846 0.00451 0.00240 0.00125 0.00067 0.00010 ( 1)  0.103 +-  0.114
  17 H   0.31294 0.19217 0.15378 0.11417 0.08115 0.05590 0.03744 0.02432 0.01521 0.01004 0.00288 ( 1)  0.260 +-  0.226
  18 I   0.73424 0.14436 0.06237 0.02968 0.01472 0.00745 0.00379 0.00192 0.00095 0.00048 0.00005 ( 1)  0.100 +-  0.108
  19 M   0.79609 0.12867 0.04536 0.01764 0.00717 0.00298 0.00125 0.00052 0.00021 0.00009 0.00000 ( 1)  0.083 +-  0.080
  20 P   0.00000 0.00054 0.00528 0.01985 0.04652 0.08176 0.11755 0.14421 0.15265 0.14206 0.28958 (11)  1.026 +-  0.553
  21 L   0.64760 0.15399 0.08128 0.04715 0.02843 0.01743 0.01072 0.00653 0.00387 0.00235 0.00065 ( 1)  0.133 +-  0.155
  22 G   0.70903 0.14843 0.06852 0.03483 0.01845 0.00996 0.00541 0.00291 0.00153 0.00082 0.00012 ( 1)  0.109 +-  0.121
  23 L   0.29158 0.18420 0.15221 0.11685 0.08600 0.06140 0.04267 0.02880 0.01871 0.01284 0.00474 ( 1)  0.278 +-  0.241
  24 G   0.40114 0.21546 0.14921 0.09601 0.05929 0.03556 0.02078 0.01181 0.00647 0.00374 0.00053 ( 1)  0.202 +-  0.184
  25 L   0.00419 0.02483 0.05968 0.09396 0.11939 0.13266 0.13366 0.12392 0.10551 0.08677 0.11545 ( 7)  0.723 +-  0.429
  26 R   0.72186 0.14653 0.06546 0.03220 0.01651 0.00863 0.00453 0.00237 0.00120 0.00062 0.00008 ( 1)  0.104 +-  0.114
  27 T   0.37394 0.20930 0.15170 0.10219 0.06606 0.04147 0.02538 0.01510 0.00866 0.00524 0.00096 ( 1)  0.218 +-  0.196
  28 T   0.36475 0.20709 0.15239 0.10420 0.06834 0.04352 0.02700 0.01629 0.00947 0.00581 0.00115 ( 1)  0.224 +-  0.200
  29 A   0.72183 0.14654 0.06547 0.03220 0.01651 0.00863 0.00454 0.00237 0.00120 0.00062 0.00008 ( 1)  0.104 +-  0.114
  30 Y   0.72189 0.14655 0.06547 0.03220 0.01650 0.00862 0.00452 0.00236 0.00120 0.00062 0.00008 ( 1)  0.104 +-  0.114
  31 I   0.08784 0.14114 0.17098 0.16222 0.13582 0.10506 0.07663 0.05310 0.03491 0.02440 0.00791 ( 3)  0.398 +-  0.250
  32 K   0.00119 0.01717 0.05636 0.10198 0.13701 0.15326 0.15055 0.13309 0.10632 0.08140 0.06166 ( 6)  0.659 +-  0.307
  33 A   0.08540 0.13820 0.16862 0.16124 0.13614 0.10626 0.07826 0.05478 0.03640 0.02568 0.00903 ( 3)  0.404 +-  0.254
  34 P   0.08697 0.14039 0.17072 0.16245 0.13629 0.10556 0.07703 0.05335 0.03504 0.02444 0.00775 ( 3)  0.399 +-  0.249
  35 E   0.73446 0.14438 0.06234 0.02963 0.01468 0.00741 0.00377 0.00190 0.00093 0.00047 0.00005 ( 1)  0.100 +-  0.108
  36 K   0.73442 0.14438 0.06234 0.02964 0.01468 0.00742 0.00377 0.00190 0.00093 0.00047 0.00005 ( 1)  0.100 +-  0.108
  37 V   0.36689 0.20767 0.15230 0.10377 0.06781 0.04302 0.02659 0.01597 0.00925 0.00565 0.00108 ( 1)  0.222 +-  0.199
  38 F   0.74635 0.14203 0.05926 0.02722 0.01303 0.00636 0.00312 0.00152 0.00072 0.00035 0.00003 ( 1)  0.096 +-  0.102
  39 K   0.09655 0.15062 0.17732 0.16361 0.13332 0.10045 0.07143 0.04830 0.03103 0.02130 0.00607 ( 3)  0.383 +-  0.242
  40 V   0.72170 0.14655 0.06550 0.03224 0.01653 0.00865 0.00455 0.00237 0.00121 0.00063 0.00008 ( 1)  0.104 +-  0.114
  41 Y   0.72189 0.14655 0.06547 0.03220 0.01650 0.00862 0.00452 0.00236 0.00120 0.00062 0.00008 ( 1)  0.104 +-  0.114
  42 N   0.00138 0.01923 0.06147 0.10847 0.14228 0.15556 0.14955 0.12959 0.10166 0.07692 0.05389 ( 6)  0.643 +-  0.298
  43 E   0.73438 0.14437 0.06235 0.02965 0.01469 0.00743 0.00377 0.00190 0.00094 0.00047 0.00005 ( 1)  0.100 +-  0.108
  44 A   0.72183 0.14654 0.06547 0.03221 0.01651 0.00863 0.00454 0.00237 0.00120 0.00062 0.00008 ( 1)  0.104 +-  0.114
  45 G   0.72193 0.14655 0.06544 0.03217 0.01649 0.00861 0.00453 0.00236 0.00120 0.00063 0.00008 ( 1)  0.104 +-  0.114
  46 V   0.34582 0.20219 0.15350 0.10819 0.07307 0.04787 0.03052 0.01890 0.01127 0.00710 0.00158 ( 1)  0.236 +-  0.209
  47 T   0.72180 0.14654 0.06548 0.03221 0.01652 0.00863 0.00454 0.00237 0.00120 0.00062 0.00008 ( 1)  0.104 +-  0.114
  48 F   0.74635 0.14203 0.05926 0.02722 0.01303 0.00636 0.00312 0.00152 0.00072 0.00035 0.00003 ( 1)  0.096 +-  0.102

Positively selected sites

	Prob(w>1)  mean w


